3997433635488348
3997433602281479
3997433429519979
3997433169686013
3997433006154254
3997432927068845
3997432737589462
3997432348025010
3997432222720946
3997432188027545
3997431874045178
3997431865652516
3997431643176044
3997431547542707
3997431400081202
3997431357792727
3997431139818857
3997431089784793
3997431026502772
3997430616144238
3997430443381199
3997429965503601
3997429273734861
3997429269071650
3997429257193649
3997429243838291
3997428808134901
3997428807659099
3997428686433684
3997428157299881
3997427843410877
3997427733988090
3997427503126496
3997427466389704
3997427357386776
3997427323399030
3997427280937609
3997427045859951
3997427038155940
3997426652059722
3997426596985737
3997426257713554
3997426253649278
3997426203605461
3997426152570024
3997426110966555
3997426056670200
3997425972181349
3997425884206359
3997425846700023
3997425641221403
3997425586235281
3997424722743269
3997424593071109
3997433702843474
3997433678210919
3997433677661976
3997433648079919
3997433631289420
3997433614704362
3997433609910423
3997433606776477
3997433606482993
3997433567959073
3997433548229537
3997433460004626
3997433421647664
3997433384355237
3997433379178578
3997433371070289
3997433363651727
3997433354950790
3997433308730926
3997433304833910
3997433279215830
3997433245197794
3997433229146891
3997433224430360
3997433203931715
3997433182454662
3997433161468777
3997433149105114
3997433145089075
3997433103316897
3997433085909854
3997433057085443
3997432976710315
3997432973602514
3997432930863295
3997432923183091
3997432922730324
3997432893447221
3997432851108593
3997432851106833
3997432839065581
3997432838516388
3997432796820664
3997432792125967
3997432771356391
3997432763243567
3997432717547226
3997432691442941
3997432683873709
3997432679025318
3997432679024266
3997432675115357
3997432641253078
3997432628662365
3997432620870147
3997432612809744
3997432537209748
3997432520409938
3997432519800623
3997432440358081
3997434893970334
3997434638387389
3997434600451526
3997434457322956
3997433832493027
3997433744893354
3997433706398251
3997435011485600
3997434977910481
3997434922967256
3997434919149814
3997434890184530
3997434877182250
3997434865231856
3997434864992080
3997434864589609
3997434864589579
3997434864589466
3997434864589417
3997434864461700
3997434864461314
3997434859792611
3997434859792355
3997434859792343
3997434859792326
3997434859792319
3997434859792248
3997434859792231
3997434848178351
3997434738961772
3997434730293800
3997434717701909
3997434710059234
3997434705112244
3997434675733773
3997434666816339
3997434650036012
3997434645841146
3997434637712458
3997434625633935
3997434617383645
3997434613178628
3997434612635295
3997434608846320
3997434604647656
3997434600577659
3997434558006242
3997434537030311
3997434528640579
3997434516104322
3997434499729665
3997434461805317
3997434436622427
3997434412049855
3997434361903938
3997434331694647
3997434289881862
3997434268733002
3997434252109160
3997434248227206
3997434218364040
3997434155406379
3997434109238367
3997434084908642
3997434080706403
3997434080298569
3997434058787267
3997436168739369
3997436156615041
3997435984082793
3997435732498609
3997435363205956
3997435250093432
3997435225175132
3997435128637861
3997435036667827
3997436386998862
3997436345075317
3997170166807435
3997436341212486
3997436324089233
3997436290458393
3997436274257778
3997436261394511
3997436257666113
3997436248483272
3997436215657221
3997436202836051
3997436177623040
3997436143236111
3997436130650988
3997436126763706
3997436123487719
3997436123263471
3997436122895388
3997436122566670
3997436097384921
3997436081475559
3997436080597011
3997436071919173
3997435955495366
3997435942428118
3997435917925634
3997435895985941
3997435829702417
3997435787058637
3997435703010252
3997435690872576
3997435644891142
3997435623719337
3997435619433358
3997435543979421
3997435515152537
3997435485485126
3997435484863618
3997435468718058
3997435459693684
3997435456106048
3997435426728035
3997435409581330
3997435388595285
3997435385189752
3997435359010794
3997435329645106
3997435305146255
3997435296261811
3997435229470197
3997435225815669
3997435187770879
3997435166515416
3997435116843259
3997435116149384
3997435086328365
3997435065675359
3997437427086782
3997437364127843
3997437071322947
3997437061968179
3997436743527366
3997437700416012
3997437687061428
3997437598914686
3997437595477573
3997437532018021
3997437481924001
3997437477455093
3997437452271247
3997437440476035
3997437398289128
3997437388926302
3997437381477753
3997437380915174
3997437334746990
3997437297255382
3997437284309728
3997437272072196
3997437267529079
3997437218092229
3997437200406865
3997437167129002
3997437092148351
3997437091582832
3997437074554218
3997437062918053
3997437028914923
3997436974354766
3997436911109979
3997436894320955
3997436881730295
3997436877824736
3997436856549315
3997436835562603
3997436827168689
3997436798087777
3997436756119942
3997436689367653
3997436680963791
3997436680535079
3997436659236819
3997436621774795
3997436617577945
3997436613683524
3997436584000244
3997436563016886
3997436550729143
3997436517153128
3997436504017021
3997436487982067
3997436479072778
3997436475850235
3997436467447232
3997436466977897
3997436458087622
3997436437102479
3997436429018000
3997438756278811
3997438648055180
3997438630686790
3997438412538375
3997438383746012
3997438307983338
3997438107185314
3997432758564589
3997432691614028
3997439063133273
3997439059210240
3997439037953297
3997438936670049
3997438890877802
3997438882132910
3997438849600110
3997438841035348
3997438831791506
3997438799031522
3997438773807126
3997438698263344
3997438644279025
3997438639503738
3997438639308017
3997438634882447
3997438581264089
3997438383273528
3997438341902182
3997438266535011
3997438194390853
3997438136122560
3997438135895832
3997438132556144
3997438068536357
3997438051953241
3997437926988838
3997437830369208
3997437749706812
3997440153435317
3997439969628574
3997439696653724
3997439519793667
3997439478920709
3997439474170567
3997439449345441
3997439411066557
3997439197007943
3997439184417879
3997439050544139
3997440384703277
3997440384016424
3997440371424339
3997440359195241
3997440258467387
3997440216943414
3997440182364978
3997440178723277
3997440157739638
3997440133195019
3997440002341018
3997439994832028
3997439935185074
3997439935113225
3997439926789223
3997439897794594
3997439897409011
3997439893161001
3997439876421436
3997439826444404
3997439809526649
3997439792740008
3997439754965954
3997439738177893
3997439737940449
3997439734114082
3997439733745336
3997439713452013
3997439713128440
3997439704379112
3997439676085053
3997439650175709
3997439578686851
3997439561900815
3997439519928520
3997439490957707
3997439419941999
3997439415741240
3997439394277019
3997439389744167
3997439356182924
3997439348964475
3997439331011904
3997439306525778
3997439297901068
3997439238980395
3997439230748799
3997439227154749
3997439184844358
3997439163859113
3997439163207305
3997439150839584
3997441672405564
3997441256321340
3997441168223509
3997440685943528
3997440661659811
3997440618659112
3997440413753706
3997441726574428
3997441696902493
3996777407779948
3997441676212129
3997441654597278
3997441651032009
3997441612958070
3997441529323797
3997441495749008
3997441470567416
3997441428973576
3997441407571108
3997441403374088
3997441390785036
3997441381912745
3997441378192219
3997441214828490
3997441210630885
3997441189199478
3997441172418734
3997441160722981
3997441156518962
3997441106376806
3997441105387950
3997441084727834
3997441067614434
3997441029783072
3997441017197018
3997440979808821
3997440908461376
3997440808277368
3997440741461434
3997440694683886
3997440669648953
3997440656415320
3997440636303823
3997440622853978
3997440556911187
3997440514914203
3997440443502655
3997440434738674
3997440417950342
3997440405003594
3997440396317330
3997442918257269
3997442795814889
3995268091811434
3997442758240046
3997442595105865
3997442472646594
3997442460060993
3997442414896978
3997442413914533
3997442413914156
3997442376159323
3997442262890141
3997441839876289
3997442414335192
3997080056483883
3997443013837368
3997443005168842
3997442960034095
3997442914058269
3997442913535578
3997442900289329
3997442892365586
3997442833786775
3997442808983138
3997442791816525
3997442782825701
3997442782825419
3997442762994595
3997442753459697
3997442741451167
3997442716749079
3997442707312542
3997442694727421
3997442682141721
3997442666310009
3997442665681918
3997442662108710
3997442661165754
3997442636888194
3997442611111036
3997442557287460
3997442523218581
3997442519265859
3997442506847935
3997442502644533
3997442502012739
3997442460502902
3997442418533320
3997442418532757
3997442418532103
3997442418531662
3997442418531412
3997442418273457
3997442418272286
3997442418271768
3997442414639444
3997442414336653
3997442414076866
3997442414076698
3997442414076656
3997442413915058
3997442413914920
3997442413914862
3997442413914819
3997442413914648
3997442413914627
3997442413914323
3997442409719805
3997442409719792
3997442409719504
3997442356078161
3997442356077472
3997442314070494
3997443857026625
3997443512784284
3997443407904857
3997443223317278
3997443203059359
3997443123125007
3997444385371204
3997444352077806
3997444087625752
3997444008188764
3997443982383092
3997443970097883
3997443923925695
3997443923925407
3997443911655139
3997443903651187
3997443902674317
3997443844437653
3997443772886658
3997443760821983
3997443756818340
3997443706378945
3997443702064867
3997443680733536
3997443680592782
3997443676879913
3997443672682164
3997443672337566
3997443610168762
3997443597135705
3997443571594268
3997443555165889
3997443550541297
3997443542151069
3997443471113415
3997443425052228
3997443424940407
3997443421573339
3997443375350552
3997443354105931
3997443349383453
3997443336586845
3997443307221041
3997443270020323
3997443248639645
3997443240886329
3997443190694067
3997443156701126
3997443115290039
3997443081665857
3997445262091549
3997445140599072
3997444780408835
3997444746633785
3997444661998442
3997444595644887
3997444381174221
3997445698539941
3997445694342116
3997445681165933
3997445665158147
3997445655995141
3997445648174432
3997445631937889
3997445597808912
3997445572628414
3997445564584119
3997445547249837
3997445546920524
3997445534852961
3997445522063573
3997445476094687
3997445468366060
3997445463505955
3997445379826206
3997445358841360
3997445329247609
3997445316871371
3997445311990019
3997445304064208
3997445262312734
3997445124422112
3997445111817564
3997445107023489
3997445065430447
3997445048031608
3997445035369708
3997445027281124
3997444989802901
3997444960143151
3997444931386656
3997444926294182
3997444926294179
3997444922613496
3997444888537693
3997444880147711
3997444872406731
3997444716696406
3997444704627265
3997444688242318
3997444566129871
3997444557119536
3997444527753751
3997444523882556
3997156153101292
3997444515168590
3997444511291391
3997444477412101
3997444470019857
3997444440216252
3997444439934813
3997444414749524
3997446956869224
3997446897495075
3997446356824170
3997446319046449
3997446050339991
3997445907704685
3997445798835146
3997445744704744
3997447058001934
3997447048943181
3997447048519987
3997447044324401
3997446943926581
3997446939445865
3997446906149799
3997446860798133
3997446851348919
3997446843188592
3997446813592457
3997446809397361
3997446809397251
3997446805202420
3997446713333951
3997446709137098
3997446687738903
3997446651016601
3997446629495845
3997446516842569
3997446470511749
3997446440511116
3997446440226744
3997446419523477
3997446394886959
3997446386204523
3997446382129610
3997446361019677
3997446319047097
3997446319046449
3997446314635001
3997446294696835
3997446293861567
3997446235098271
3997446188922954
3997446159413883
3997446155218616
3997446088693684
3997446079705260
3997446046475752
3997446038668561
3997446033558953
3997445937346404
3997445903929257
3997445895533262
3997445895373370
3997445870353659
3997445870190122
3997445815624600
3997445815411292
3997445795147179
3997445782927234
3997445782478413
3997445774135017
3997445757589977
3997445756860261
3997445753100105
3997440245876202
3997448261110522
3997448227535571
3997447958932895
3997447476496489
3997447384711609
3997447158067237
3996815093824684
3997448391216944
3997448370577893
3997448353444726
3997448353207381
3997448344814975
3997448306786930
3997448273460292
3997448260640957
3997448235929435
3997448231275762
3997448177433936
3997448148054506
3997448076455891
3997448042877949
3997448026777509
3997447984605909
3997447979920486
3997447967585074
3997447942401029
3997447904630829
3997447888369551
3997447883084448
3997447842008207
3997447803635745
3997447716027371
3997447707361080
3997447707358586
3997447652790019
3997447623406800
3997447594623394
3997447577808412
3997447577103686
3997447560322786
3997447535152719
3997447523175247
3997447518759543
3997447514270592
3997447489005744
3997447476789738
3997447476420520
3997447451604024
3997447451603279
3997447447941045
3997447447407990
3997447447371239
3997447443208647
3997447442859652
3997447435336824
3997447389387469
3997447376014758
3997447364177884
3997447363152369
3997447355330182
3997447355329633
3997447346632057
3997447296957025
3997447287640783
3997447258796584
3997447225796650
3997447178729233
3997449432015643
3997449384954843
3997449271892788
3997449754977632
3997449733563128
3997449732836432
3997449716056523
3997449712962499
3997449708293033
3997449703676020
3997449669911428
3997449616199575
3997449582998700
3997449577621437
3997449468897910
3997449414809276
3997449410139227
3997449368166851
3997449352065660
3997449310198665
3997449268054046
3997449225718155
3997449192328796
3997449171149295
3997449066660745
3997448982908822
3997448966108572
3997448957090225
3997448923986637
3997448890410460
3997448886690241
3997448869424633
3997448847948766
3997448743514223
3997448730921408
3997448722303848
3997448709710491
3997448705514067
3997448705513003
3997448702097713
3997448701122344
3997448689491622
3997448629965628
3997448621798589
3997448609206715
3997448608976681
3997448542562065
3997448525754528
3997448466528951
3997448466199388
3997448458954813
3997448437383902
3997450375101821
3997450249185821
3997450149003134
3997450043268284
3997450039595416
3997449645179580
3997451092260154
3997451071609643
3997451042158864
3997451029254479
3997450986888619
3997450978882195
3997450970488510
3997450965914016
3997450957895286
3997450941771970
3997450823282172
3997450811778136
3997450790621034
3997450768747113
3997450719443004
3997450718907739
3997450685330172
3997450643158130
3997450639252866
3997450560036008
3997450467595535
3997450467437371
3997450454848767
3997450434242775
3997450383819730
3997450375101821
3997450328826408
3997450273995405
3997450240676299
3997450215869190
3997450215490292
3997450215489773
3997450173314585
3997450160924255
3997450140599033
3997450139754338
3997450127993543
3997450081767571
3997450060048160
3997450039595429
3997450035258882
3997450034878180
3997450027003645
3997450026866553
3997450023192375
3997450002329248
3997449976959845
3997449972755442
3997449968242877
3997449964499675
3997449964047389
3997449964047154
3997449964046762
3997449964046439
3997449963902110
3997449963901829
3997449963901789
3997449963901272
3997449963901234
3997449959367662
3997452245141069
3997452242085249
3997452145265022
3997452065467235
3997452036087957
3997451708436840
3997451272449117
3997451213421667
3997451088017633
3997452425528335
3997452422483468
3997452421753750
3997452409158004
3997452383577204
3997452372062089
3997452345821750
3997452342458883
3997452326110217
3997452312261533
3997452304219708
3997452266441995
3997452263087401
3997452174359656
3997452145719317
3997452103239392
3997452070100895
3997451972883234
3997451960291709
3997451918318483
3997451901408858
3997451897334734
3997451880433670
3997451860558066
3997451809453574
3997451801060807
3997451775876780
3997451775874541
3997451721021765
3997451721021591
3997451704930863
3997451637634728
3997451608749495
3997451603788046
3997451599588095
3997451578602628
3997451553957612
3997451507517963
3997451474404782
3997451456874958
3997451440801064
3997451439954605
3997451428033336
3997451427368927
3997451327017554
3997451238592147
3997451222370916
3997451222370398
3997451217616681
3997451205283478
3997451167807972
3997451121334378
3997453584183840
3997453453499539
3997453428990054
3997453374152179
3997453357363360
3997453189030209
3997452442308741
3997453743223885
3997453739226062
3997453739026877
3997453738641950
3997453738640300
3997453696668500
3997453680268858
3997453634452332
3997453482684886
3997453332182050
3997453327585681
3997453240467189
3997453181646339
3997453176445342
3997453168872956
3997453164670237
3997453130583626
3997453126848749
3997453109744096
3997453017257528
3997453013674158
3997453004447688
3997452987875405
3997452984444753
3997452984258548
3997452963108646
3997452887140190
3997452853987307
3997452744697463
3997452736300663
3997452715313820
3997452711115276
3997452639938338
3997452619214629
3997452606625986
3997452568161207
3997452556676854
3997452555813445
3997452547867253
3997452544069212
3997452542990989
3997452535274009
3997452522867352
3997452506253304
3997452489105821
3997452480516507
3997452475869001
3997452475868961
3997452475868875
3997452459727341
3997452438113321
3997452433918491
3997454863340004
3997454754439274
3997454741015728
3997454272154450
3997454158125507
3997454112782500
3997454049356608
3997454007385634
3997453872563990
3997455123056168
3997455106266631
3997455060580550
3997454997141174
3997454997140589
3997454997140077
3997454997044559
3997454992646781
3997454841624223
3997454796122645
3997454758316521
3997454728781161
3997454728687372
3997454665822310
3997454648651295
3997454606970123
3997454577334710
3997454556957643
3997454531189550
3997454523377633
3997454493433226
3997454468263422
3997454456221160
3997454439431894
3997454355488440
3997454309599587
3997454292436144
3997454275648114
3997454250560342
3997454229575058
3997454225375633
3997454213343529
3997454204653805
3997454158125507
3997454150088169
3997454141813261
3997454116151284
3997454065781191
3997454058164631
3997454002821043
3997453990596053
3997453985830720
3997453973245915
3997453973245442
3997453906542902
3997453898646607
3997453851974348
3997453777051196
3997456372997971
3997456263873886
3997456250903943
3997455642620943
3997455307373655
3997455282544581
3997455161400957
3997456406244576
3997456394407167
3997456352011993
3997456339094064
3997456310410022
3997456263873886
3997456255410011
3997456204758009
3997456079604764
3997456079460318
3997456075664969
3997456058141532
3997456053736029
3997456050456058
3997456003911974
3997456000305490
3997455995836865
3997455982926583
3997455919972476
3997455902844766
3997455899205230
3997455877543383
3997455869531273
3997455860763180
3997455857463030
3997455844348849
3997455835952294
3997455806654769
3997455768472140
3997455752008833
3997455743613662
3997455739106904
3997455735220537
3997455710383800
3997455660557977
3997455643753381
3997455584938493
3997455584656189
3997455504183326
3997455501167366
3997455500530285
3997455500443415
3997455500443260
3997455412304166
3997455386721807
3997455328886937
3997455328359270
3997455307373655
3997455206642949
3997455178202701
3997457673653839
3997457572082341
3997457517718095
3997457475594981
3997457404691637
3997457278426882
3997457060283407
3997456678806910
3997456619805256
3997456569997648
3997457777641063
3997457770317824
3997457765390604
3997457715014791
3997457714714841
3997457673655562
3997457660888885
3997457639735145
3997457614654074
3997457601447729
3997457580472269
3997457547668590
3997457534508164
3997457527069898
3997457526650009
3997457521915937
3997457518668125
3997457518661622
3997457518013016
3997457518012103
3997457518011847
3997457518010033
3997457517718223
3997457517718064
3997457517717323
3997457517717264
3997457517716110
3997457517715913
3997457513815521
3997457513814826
3997457513520187
3997457513350778
3997457513350525
3997457509155746
3997457509155737
3997457509155531
3997457509155466
3997457509155454
3997457509155439
3997457504960550
3997457451456146
3997457417282422
3997457371113367
3997457366915623
3997457354287066
3997457312314531
3997457308418538
3997457282621896
3997457266890485
3997457262251252
3997457241265437
3997457240671288
3997457223890627
3997457212100626
3997457203187988
3997457161216791
3997457094927226
3997457089866731
3997457005747890
3997459002964681
3997458957013443
3997458792581804
3997458540877461
3997458494987396
3997457513519740
3997459124500445
3997459061543903
3997459023603043
3997459019117122
3997459006532302
3997458965412718
3997458960642698
3997458944409535
3997458918670840
3997458889289166
3997458869181003
3997458797387375
3997458771764014
3997458767411221
3997458747019837
3997458704484917
3997458663077538
3997458612710207
3997458549751272
3997458528762547
3997458520173623
3997458520173617
3997458520173556
3997458448585763
3997458445552887
3997458402642721
3997458335320766
3997458302373825
3997458255993191
3997458188834462
3997458167518475
3997458129763015
3997458109085558
3997458017766499
3997458017764495
3997458017226724
3997458017001098
3997457983648289
3997457975739905
3997457962427143
3997457949836538
3997457937240321
3997457924885661
3997457840566740
3997460357083248
3997460282345143
3997460248554121
3997460127160637
3997459443222692
3997459350528575
3997459208572134
3997460466436207
3997460442082280
3997460441355163
3997460421076027
3997460411872704
3997460399714516
3997460357964303
3997460282129823
3997460269169180
3997460223002199
3997460169176427
3997460168700296
3997460160881401
3997460143134703
3997460135932237
3997460130549985
3997460072536562
3997460064514712
3997460030772395
3997460021788576
3997459971951416
3997459900924236
3997459879082619
3997459845502768
3997459829370087
3997459804154946
3997459803331980
3997459790746580
3997459778946599
3997459778607277
3997459778606580
3997459744600704
3997459740829427
3997459682067958
3997459682067638
3997459673673783
3997459669962008
3997459589726003
3997459561137039
3997459535162436
3997459443221380
3997459418040780
3997459367525637
3997459359278600
3997459355083535
3997459321354866
3997459262743470
3997459249994859
3997459195431497
3997458952418605
3997461561447816
3997461477596280
3997460801969638
3997460780981182
3997461854466161
3997461826173007
3997461825369019
3997461787588868
3997461779446317
3997461770798170
3997461766602269
3997461750436860
3997461708091352
3997461691303728
3997461690856934
3997461657726671
3997461644710774
3997461636737564
3997461602896194
3997461577589359
3997461577589186
3997461536787978
3997461535638964
3997461527870477
3997461519972980
3997461477952381
3997461456849407
3997461414543104
3997461410346986
3997461326115214
3997461289056158
3997461288629178
3997461283931744
3997461283931358
3997461271839748
3997461171071355
3997461162272799
3997461153882637
3997461132907493
3997461116509029
3997461108680330
3997461062808607
3997461057745431
3997461037069495
3997461015772725
3997461002860055
3997460957322894
3997460881466259
3997460839810274
3997460835861651
3997460784980084
3997460723030676
3997460723029604
3997460625568135
3997460600841550
3997460575658476
3997460559448017
3997460529081051
3997463096567778
3997462983063742
3997462765720639
3997462764542011
3997462706494990
3997462391178340
3997462324315718
3997463227072941
3997462983667592
3997462920536910
3997462911370139
3997462911369909
3997462878321161
3997462798954671
3997462798376158
3997462760346707
3997462710692528
3997462701615369
3997462621907922
3997462617712785
3997462568122761
3997462555393788
3997462547467948
3997462547363195
3997462546998875
3997462546781355
3997462546780391
3997462534764909
3997462504806327
3997462480504113
3997462467031121
3997462446268840
3997462396379983
3997462370202016
3997462362586878
3997462308022100
3997462295428222
3997462291000864
3997462240417205
3997462207052280
3997462202661880
3997462177490759
3997462152965788
3997462148529156
3997462135937971
3997462106173518
3997462085197898
3997462051636739
3997461985180228
3997461980401192
3997461980319563
3997461918219805
3997464467501192
3997464220181488
3997463734260844
3997463700246100
3997463637118066
3997463582721890
3997463553763699
3997463301513117
3997464614334694
3997464530764093
3997464476862364
3997464467501265
3997464463306292
3997464388612484
3997464375205706
3997464366815135
3997464342288897
3997464308710685
3997464279636229
3997464262828162
3997464254151557
3997464236762793
3997464186999486
3997464081539723
3997464081539601
3997464056892376
3997464052558925
3997464048362959
3997463989742496
3997463948343066
3997463931541630
3997463876280017
3997463847307425
3997463843108544
3997463805334746
3997463805333587
3997463804925524
3997463734260844
3997463712995345
3997463696205288
3997463679069108
3997463645839095
3997463633087612
3997463586917546
3997463536437149
3997463532862516
3997463498681343
3997463486613225
3997463428103655
3997463386452334
3997463369283331
3997463310346921
3997463302425201
3997463301952466
3997463255367793
3997465915518794
3997465172524008
3997465134285157
3997465067850425
3997464748760149
3997464563992149
3997465927460522
3997465856710484
3997465818327146
3997465801537338
3997465789225727
3997465747255658
3997465743060400
3997465738404245
3997465730185152
3997465717594110
3997465713394739
3997465659117658
3997465641913360
3997465596161463
3997465587373673
3997465558736762
3997465487583592
3997465445332706
3997465432147940
3997465406977001
3997465390959176
3997465373671100
3997465344289677
3997465310708616
3997465302313337
3997465269618640
3997465252553109
3997465247558133
3997465239611071
3997465105994511
3997465072362338
3997465067495976
3997465064228963
3997465064227557
3997465064225500
3997465064223875
3997465063959534
3997465063958650
3997465063653496
3997465063652755
3997465063301159
3997465063300634
3997465063300479
3997465063300354
3997465063300160
3997465063300057
3997465063300020
3997465063299173
3997465059457769
3997465058769787
3997465058769342
3997465058769282
3997465034546383
3997465029719161
3997465012621571
3997465012620823
3997464996137864
3997464991941017
3997464971318582
3997464954985857
3997467076920123
3997467064328087
3997466896451716
3997466427223190
3997466321731995
3997466137322114
3997467244345302
3997467152470913
3997467131483550
3997467122619836
3997467085682681
3997467076921137
3997467043344642
3997467014526539
3997467005570404
3997466934001800
3997466904621537
3997466884151581
3997466820536115
3997466820536090
3997466820536020
3997466812514393
3997466787103300
3997466775354944
3997466736740021
3997466712181498
3997466712050237
3997466686285661
3997466610768823
3997466573550504
3997466506156525
3997466396806234
3997466385210045
3997466384430793
3997466375830392
3997466367894781
3997466364025286
3997466359249022
3997466322267783
3997466308704813
3997466308704069
3997466300746944
3997466296549339
3997466283532865
3997466175691804
3997466174833203
3997466174454403
3997466170259468
3997466137322114
3997466124729514
3997466112139921
3997466091153376
3997466070168522
3997466070168401
3997466069903601
3997466065376749
3997466061509833
3997466019537102
3997466012133730
3997465977833668
3997468535917626
3997468321954144
3997468317759119
3997468188657663
3997468062452410
3997468053943552
3997467341287373
3997468586939787
3997468586825726
3997468535918138
3997468519668509
3997468461563990
3997468456638511
3997468385283086
3997468372298632
3997468343826418
3997468318120490
3997468284896684
3997468247595020
3997468222264625
3997468079815865
3997468054477781
3997467991462717
3997467978858155
3997467957396746
3997467932650740
3997467907026081
3997467848261432
3997467747785727
3997467676431949
3997467667741631
3997467646764567
3997467622296452
3997467584082869
3997467580661731
3997467580659482
3997467580530520
3997467580530154
3997467579886631
3997467526296263
3997467496483161
3997467470749511
3997467446463084
3997467438056402
3997467417050078
3997467353087317
3997467332882793
3997467332493188
3997467323719825
3997467320681974
3997469471668150
3997469350197037
3997469329211373
3997469098103076
3997469086078182
3997468838102302
3997468834199558
3997469911749292
3997469900111556
3997469895903258
3997469895572689
3997469845190524
3997469836319453
3997469823645976
3997469773301412
3997469701978895
3997469644377327
3997469529967918
3997469517818838
3997469484658293
3997469484502824
3997469400630450
3997469342073506
3997469341547620
3997469144267134
3997469143990276
3997469136856527
3997469090643136
3997469090640247
3997469090230267
3997469086078182
3997469052452864
3997469035389872
3997469023322742
3997468926090528
3997468842298754
3997468838396587
3997468812813225
3997468800226810
3997468792228916
3997468788316789
3997468758612426
3997468708545867
3997468641389479
3997471157271282
3997470859939688
3997470776471737
3997470381885919
3997470025025585
3997470021203906
3997470012606678
3997469970484654
3997469937056570
3997471266825506
3997471120427602
3997471103915614
3997471103479754
3997471082623291
3997471069545103
3997471027938057
3997471011148435
3997470960787051
3997470897714497
3997470889024946
3997470885442259
3997470851265647
3997470839794622
3997470830556747
3997469978876484
3997469974832233
3997469953846115
3997471740442945
3997471636649216
3997471489882288
3997472625730494
3997472625729235
3997472622078794
3997472621796422
3997472621533911
3997472618112865
3997472617878125
3997472617875940
3997472617597959
3997472617597450
3997472617597137
3997472617335577
3997472617334128
3997472617333894
3997472617333402
3997472616947982
3997472613915175
3997472613402150
3997472613401313
3997472613401164
3997472612752542
3997472612752541
3997472608558174
3997472608558059
3997472608558048
3997472608557960
3997472608557716
3997472554864779
3997472546248689
3997472545982283
3997472420333065
3997472403270688
3997472398806833
3997472365246633
3997472361298544
3997472227972154
3997472151700370
3997472134782074
3997472109723695
3997472071855737
3997472034100297
3997471989007197
3997471975663687
3997471941808774
3997471912443218
3997471895662530
3997471883699592
3997471866297328
3997471816448748
3997471811761432
3997471656952818
3997471606959865
3997471606588217
3997471593996376
3997471590160474
3997471581666892
3997471472792722
3997471413788107
3997473837874445
3997472705227382
3997472630191120
3997472629927078
3997473871540553
3997473871540073
3997473866793518
3997473854752180
3997473837874445
3997473687122288
3997473627991409
3997473615356642
3997473611765128
3997473557616956
3997473464668555
3997473439357314
3997473401969372
3997473372992812
3997473356191502
3997473355979273
3997473339382346
3997473334970150
3997473200335435
3997473117194107
3997473116374611
3997473116373826
3997473116373153
3997473079163607
3997472948354404
3997472889624666
3997472864971250
3997472864971006
3997472856352481
3997472852153318
3997472793384466
3997472743009821
3997472713874611
3997472705480121
3997472701031291
3997472680662933
3997472654703831
3997472613137968
3997474567351425
3997474543202557
3997474408260432
3997474278418900
3997474253235195
3997476132173118
3997476131799521
3997476107062170
3997476069678262
3997475885088972
3997475847101022
3997475817721686
3997475800400715
3997475792538492
3997475788237399
3997475708486592
3997475683673205
3997475633306531
3997475557095117
3997475516367031
3997475498995312
3997475477391424
3997475272609561
3997475230151927
3997475184007798
3997475167674334
3997475129897328
3997475125278225
3997475125277846
3997475087752633
3997475058371372
3997474877872489
3997474870180044
3997474806462509
3997474681595854
3997474630714518
3997474627229550
3997474622077114
3997474483452628
3997474425053082
3997474387550137
3997474374676897
3997474357886604
3997474349214549
3997474345986434
3997474261629498
3997474248737199
3997474182154976
3997474123791842
3997474123377290
3997474123059412
3997474017813133
3997477218030403
3997477138585322
3997476811377768
3997476685730624
3997476413155135
3997475998199867
3997477394572236
3997477352597793
3997477344827947
3997477268648542
3997477226945028
3997477214616044
3997477046441410
3997477005195020
3997476970885019
3997476941419831
3997476921421371
3997476668941140
3997476468478539
3997476434668158
3997476426261194
3997476413852716
3997476401244661
3997476396679127
3997476388284238
3997476337351755
3997476266233499
3997476225047814
3997476177943539
3997474664053596
3997478150329326
3997477814299630
3997475876122938
3997478837100583
3997478812464540
3997478740945617
3997478653233350
3997478636007432
3997478602171351
3997478598229043
3997478535938329
3997478518926295
3997478514728200
3997478402128737
3997478388481581
3997478384420295
3997478380091435
3997478266822124
3997478254297947
3997478230158012
3997478212789286
3997478149615848
3997478128839456
3997478065665300
3997478040283315
3997477856757966
3997477852558857
3997477839485524
3997477797272539
3997477776808941
3997477742948302
3997477721713916
3997477713059207
3997477684183077
3997477650602895
3997477646944415
3997477646407420
3997477646405729
3997477641741107
3997477608633233
3997477587392453
3997477575392125
3997476417055825
3997480162851573
3997479622473177
3997480251565284
3997480234226859
3997480230026900
3997480196439814
3997480180333158
3997480167715796
3997480163518149
3997480163510971
3997480163279631
3997480163278075
3997480163273663
3997480163192143
3997480163191034
3997480163190513
3997480163190394
3997480163190097
3997480162853360
3997480162852981
3997480162852141
3997480162851962
3997480162851879
3997480162850971
3997480158310276
3997480158310076
3997480158310034
3997480150660166
3997480096275788
3997480041878286
3997479957411990
3997479911568042
3997479911340316
3997479882404723
3997479860455933
3997479709691626
3997479667773908
3997479630871534
3997479496429025
3997479467021171
3997479390860826
3997479357834016
3997479282287508
3997479244362519
3997479214981655
3997479156660618
3997479152785726
3997479110779526
3997478992322475
3997478976154375
3997478913195578
3997478904641570
3997478900445768
3997481517871800
3997481476140382
3995642248707807
3997480931118504
3997480666683826
3997480577933262
3992370381578978
3997481517872496
3997481496665849
3997481476140382
3997481467931669
3997481459110949
3997481421334823
3997481421110145
3997481421109625
3997481416591071
3997481349984085
3997481308315373
3997481278395244
3997481265566374
3997481224090442
3997481186551576
3997481111001044
3997481023560852
3997480930260192
3997480913470802
3997480867559664
3997480846571325
3997480829782941
3997480801125448
3997480784314531
3997480758216014
3997480666079298
3997480649568502
3997480577933262
3997480507488479
3997480498729483
3997480415288811
3997480415066569
3997480414782721
3997480393796276
3997480280461645
3997480272365824
3997480267385241
3997480158310307
3997510412332865
3997510223099631
3997509993612547
3997508873097361
3997508797433276
3997508663738476
3997508348596274
3997508343989064
3997508234918814
3997507643678673
3997506830980836
3997506637516769
3997506083385609
3997505967006041
3997505022376273
3997504691049576
3997504460641604
3997504070364899
3997503986129797
3997503966257085
3997503722246668
3997503529165084
3997503085086522
3997502917464566
3997502887291247
3997502308758301
3997502258391176
3997502107290201
3997500778619951
3997500773851201
3997500325440235
3997500278495104
3997499662981068
3997499414544641
3997499390186232
3997499297567094
3997499033156050
3997498588529062
3997497872014387
3997497674367075
3997497351497277
3997497221889371
3997496557973252
3997495404584585
3997495303901050
3997495011089039
3997494721695952
3997494721137918
3997494642127730
3997494507650063
3997494439966687
3997493244607824
3997492045921064
3997491902415053
3997491403845252
3997490049175237
3997490015595596
3997489961514894
3997510474803935
3997510458497852
3997510437810078
3997510421402977
3997510420496181
3997510391988379
3997510379376441
3997510370967666
3997510366765389
3997510362419783
3997510362418737
3997510361968507
3997510361967986
3997510361966997
3997510361966769
3997510361730141
3997510361729375
3997510361729265
3997510361729067
3997510361728683
3997510361536788
3997510361536426
3997510361536223
3997510361536192
3997510361536174
3997510361536155
3997510336365738
3997510316348639
3997510299272707
3997510278796300
3997510273841581
3997510257051206
3997510215606762
3997510194601135
3997510177953801
3997510161143255
3997510143981933
3997510139783825
3997510136195965
3997510110405184
3997510110142142
3997510109832199
3997510038788029
3997510034320934
3997509980303108
3997509964203764
3997509938333081
3997509913127881
3997509900823908
3997509887943881
3997509858127952
3997509833805728
3997509808491803
3997509800096761
3997509720797200
3997509582416842
3997509510442704
3997509510442473
3997509473031376
3997509439419803
3997511721018032
3997511645334334
3997511474031878
3997511176103296
3997511167270441
3997510865349481
3997510865347576
3997510810786944
3997509200671521
3997496504409493
3997495766177840
3997511771800428
3997511742002888
3997511624345637
3997511620814191
3997511620739685
3997511620288814
3997511599163723
3997511490443361
3997511444620124
3997511385703383
3997511368727336
3997511360488055
3997511347109920
3997511301416579
3997511293182745
3997511242818221
3997511200681677
3997511176104721
3997511176103296
3997511158333893
3997511125035849
3997511117167390
3997511117167311
3997511116735365
3997511116735121
3997511071301006
3997510949288241
3997510936259012
3997510865156627
3997510865155851
3997510860959002
3997510807216474
3997510781206667
3997510760422658
3997510748257681
3997510735036855
3997510705531969
3997510663580880
3997510651628271
3997510642605595
3997510614200999
3997510613789093
3997510613572233
3997510601196961
3997510546636147
3997510534045503
3997510520949676
3997510504665278
3997513071672556
3997512379432019
3997511880507449
3997511860036913
3997513188924861
3997513163655967
3997513147232649
3997513134275950
3997513130078222
3997513063703433
3997513055065858
3997513012558596
3997512996126583
3997512950289789
3997512928613069
3997512883282678
3997512879081133
3997512878852070
3997512878609436
3997512831894579
3997512828698259
3997512810919576
3997512785749882
3997512694203755
3997512685437705
3997512673505609
3997512673217931
3997512627285508
3997512601431042
3997512585275843
3997512576260965
3997512458799333
3997512425598644
3997512408459322
3997512374898879
3997512304307398
3997512278592815
3997512275177278
3997512249969097
3997512237090732
3997512203422088
3997512203042042
3997512123195375
3997512064465104
3997512027144787
3997511985175171
3997511947399588
3997511930487820
3997511885247050
3997511871724781
3997511867529341
3997511867297271
3997514203408757
3997514195884024
3997514057111660
3997513859679667
3997513629337228
3997514455335160
3997514430412551
3997514389069266
3997514388475429
3997514367877895
3997514363554450
3997514250500551
3997514229247041
3997514220853886
3997514183479875
3997514136910733
3997514136910558
3997514065565077
3997513923526957
3997513872264505
3997513817871250
3997513805277839
3997513797769840
3997513733828731
3997513633536591
3997513608779942
3997513595686835
3997513541571043
3997513540857752
3997513540857747
3997513503767231
3997513494955183
3997513487452769
3997513469772508
3997513348406145
3997513294258767
3997512878608430
3994898120121770
3996371659043278
3997515336729437
3997515215005824
3997515144140820
3997514719756406
3997514581251782
3997516904887237
3997516653504514
3997516615558794
3997516007010712
3997517157104115
3997517118928908
3997516950889100
3997516942838846
3997516934991744
3997516892954003
3997516888101336
3997516833980140
3997516833429381
3997516821389497
3997516821388499
3997516813130805
3997516808360141
3997516799965129
3997516787284683
3997516771021809
3997516763014066
3997516741971783
3997516725175339
3997516704169268
3997516699671189
3997516678510981
3997516658261318
3997516653502742
3997516653331233
3997516653330519
3997516653329153
3997516615957500
3997516611362468
3997516524118817
3997516519201055
3997516506610621
3997516485625605
3997516465301797
3997516381225601
3997516334800978
3997516150755095
3997516053409204
3997515957137764
3997515924191327
3997515861439611
3997515848013635
3997515835013378
3997515684539925
3997515667212600
3997515650748151
3997515647087623
3997515617648313
3997515587788294
3997515579876419
3997515462135624
3997515462134641
3997515449331871
3997515394974863
3997515370336149
3997515332258001
3997515319924164
3997515151483204
3997515126868740
3997518318656815
3997518079688275
3997518070695450
3997517957972387
3997517932790543
3997517546942143
3997517496407231
3997518494924690
3997518419513319
3997518390002740
3997518364425988
3997518343440043
3997518331111747
3997518319131154
3997518318656815
3997518301867354
3997518272490499
3997518235126925
3997518196802948
3997518192745477
3997518192606954
3997518180715404
3997518180014800
3997518175957375
3997518175571401
3997518163896160
3997518163895150
3997518163670326
3997518163667478
3997518163667132
3997518163365771
3997518163222576
3997518159695639
3997518108657624
3997518079688275
3997518075490482
3997518067250090
3997518054504526
3997518049720307
3997518020928011
3997518007924291
3997518004142213
3997517987353786
3997517982600003
3997517965819557
3997517957813657
3997517953776781
3997517929038858
3997517924583961
3997517924395499
3997517920633446
3997517920630961
3997517920628365
3997517920199601
3997517920198898
3997517920198786
3997517920198416
3997517920198156
3997517920197784
3997517920036841
3997517920036776
3997517920036030
3997517916428955
3997517916003142
3997517916003024
3997517916002730
3997517916002251
3997519555628879
3997519459403451
3997519446812817
3997519346895138
3997519312778860
3997519283719954
3997519145496120
3997518864568819
3997518536922504
3997519887220481
3997519878827526
3997519845513499
3997519803545809
3997519773606413
3997519761287619
3997519744499651
3997519719853837
3997519681836127
3997519681834243
3997519647755532
3997519551731234
3997519543338348
3997519501654078
3997519467796591
3997519446765452
3997519422245787
3997519388320104
3997519375414367
3997519371217737
3997519333762402
3997519304386370
3997519258678342
3997519220694943
3997519191708500
3997519177913177
3997519174283407
3997519170086989
3997519169751700
3997519161694612
3997518989541227
3997518981494882
3997518934603614
3997518905600508
3997518896848730
3997518884613967
3997518872521156
3997518863288858
3997518834607850
3997518817821751
3997518813623398
3997518775852280
3997518746934179
3997518666734269
3997518666622212
3997518658226664
3997518649948237
3997518562129433
3997518528501172
3997521179551492
3997521115971285
3997520495506277
3997519924716830
3997521179550077
3997521166492082
3997521010872017
3997520994680753
3997520994680440
3997520940694872
3997520848272599
3997520834681935
3997520827168287
3997520713026116
3997520579231393
3997520545652302
3997520524667071
3997520512295103
3997520487517783
3997520461930021
3997520453537413
3997520436966292
3997520428355137
3997520428354346
3997520428120777
3997520419961501
3997520407135168
3997520394779807
3997520365925793
3997520289612402
3997520264421783
3997520222971903
3997520201987649
3997520176547431
3997520176545327
3997520155561697
3997519992143208
3997519991870026
3997519954096211
3997519925581833
3997519920793884
3997519904441580
3997522399153313
3997522135997427
3997522035103060
3997522005278939
3997521963666536
3997521934508875
3997521816308278
3997521694936614
3997522516614954
3997522508700375
3997522508425247
3997522441103749
3997522429259479
3997522390763206
3997522294277292
3997522269443043
3997522257575399
3997522252947160
3997522228158835
3997522202289664
3997522194190395
3997522189401266
3997522144399560
3997522085526967
3997522059891977
3997522051449630
3997522047299958
3997522043102019
3997522018292933
3997522018292708
3997521992687583
3997521955572324
3997521938441201
3997521934508875
3997521930309489
3997521929726865
3997521926419306
3997521916726035
3997521875490160
3997521862899158
3997521807918160
3997521761773636
3997521698848106
3997521694653694
3997521686864763
3997521686540808
3997521619382687
3997521494181566
3997521493468269
3997521472480979
3997521464460250
3997521435294435
3997521430885912
3997521427221920
3997521423018099
3997521410415234
3997521406216801
3997521376328038
3997521375944733
3997521334733018
3997521296130317
3997521288196928
3997521258680257
3997521229708509
3997519127783121
