3996498028719917
3996712958298087
3996712705532324
3996712667769718
3996712605887049
3996712605600711
3996712517932321
3996712471425625
3996712403698323
3996712382719510
3996712169768733
3996712001984554
3996711855216736
3996711724329130
3996711695832152
3996711430804087
3996496934518083
3996496875916563
3996496716405612
3996496683035228
3996496611577648
3996496510966079
3996496430615346
3996496406147003
3996496304722731
3996496179826204
3996496019367815
3996495989993402
3996495977796061
3996495860245742
3996495789138319
3996495764594058
3996495727033249
3996495651194742
3996495504572298
3996495226787925
3996495177549582
3996495143719995
3996495025887277
3996494992305374
3996494920455354
3996494857511096
3996494849579890
3996494543990168
3996494531639621
3996494464393164
3996494433945295
3996494061730060
3996494040716568
3996493969541652
3996493666532543
3996493666532370
3996493641353365
3996493637648361
3996493620373266
3996493562688905
3996493528817452
3996493399055160
3996493180075780
3996493109319666
3996497349376018
3996714245948463
3996714139960062
3996714128585090
3996714115982134
3996713893578906
3996713888475751
3996713864164268
3996713864003480
3996713863482153
3996713863481026
3996713859105496
3996713835015649
3996713616633527
3996713355613909
3996713344298033
3996494078543265
3996493029554676
3996493016350020
3996492899432574
3996492660044882
3996492450090826
3996492403929226
3996492283485434
3996497692934030
3996715432456389
3996715411017951
3996715261017496
3996715150879896
3996715143642886
3996715122631463
3996715113117197
3996715063823087
3996714962988713
3996714942266884
3996714887364393
3996714848783624
3996714715169305
3996714710774711
3996714622474494
3996707815363572
3996716820279803
3996716787587217
3996716728653296
3996716665035017
3996716557061273
3996716506177746
3996716442659835
3996716385064435
3996716380704665
3996716362940003
3996716346156039
3996716195368824
3996716128305088
3996716028487780
3996715960404369
3996715583968454
3996715571362441
3996714555341947
3996714552105253
3996714531094656
3996714362335715
3996714333907435
3996713271698647
3996713255182093
3996713217416087
3996713091542952
3996717709575648
3996717676915880
3996717643281858
3996717643281217
3996717642983573
3996717642981694
3996717642980944
3996717639086119
3996717639083425
3996717638190134
3996717638190093
3996717638189372
3996717638189282
3996717633994448
3996717605479316
3996717487142772
3996717383363172
3995268091811434
3996717382248652
3996717231871886
3996717135669773
3996717130502200
3996716841838546
3996717646610978
3996717642981646
3996717634582162
3996718989404581
3996718901396338
3996717643281659
3996718897413983
3996718897196063
3996718896805356
3996718854843484
3996718808960568
3996718612169994
3996718595352388
3996718595121350
3996718532564254
3996718394106417
3996718335269493
3996718279879664
3996718196844523
3996718171626840
3996718162397395
3996717643287374
3996718142446704
3996718142195017
3996718141674480
3996718141672790
3996718129079779
3996718112048659
3996718104619724
3996717932545461
3996717931631530
3996717915259615
3996717873677959
3996717865554504
3996717839325261
3996717769127466
3996717759606293
3996717739706696
3996717550824416
3996720196783805
3996720183987925
3996720155695112
3996720150421455
3996720050911284
3996719740482604
3996719735295528
3996719731944039
3996719718512537
3996719643682241
3996719442490327
3996719391450821
3996719391237479
3996719384083786
3996719300051713
3996719286342128
3996719261167352
3996719224122062
3996719191061881
3996719186860086
3996719086266988
3996719056644741
3996721559699261
3996721548242847
3996718104371520
3996721548241479
3996721538719974
3996721523029649
3996721433824527
3996721430583426
3996721408649215
3996721408649196
3996721317416987
3996721199390777
3996721115987491
3996721106809427
3996721027088128
3996720792121074
3996720659110559
3996720641695292
3996720575012639
3996720566684263
3996720499733473
3996720365537858
3996720361337460
3996722726571844
3996722717491563
3996722705771587
3996722701570992
3996722668226584
3996722667140279
3996722625994814
3996722507699012
3996722432788991
3996722415390049
3996722349189196
3996722104897533
3996722067397502
3996721958546860
3996721949913361
3996721879376643
3996721861800760
3996721766184494
3996721677183970
3996721673753619
3996721673470790
3996721665609769
3996721660399558
3996721653004832
3996724135174817
3996724127414695
3996724102589534
3996724084823826
3996723964189267
3996723888420000
3996723884353455
3996723699581160
3996723548993053
3996723460767901
3996723405980365
3996723397579159
3996723276170363
3996723254294495
3996723229120278
3996723149399615
3996723120027724
3996721929787879
3996725436020529
3996725427012366
3996725397641609
3996725394241288
3996725368269409
3996725331193492
3996725289644359
3996725276426447
3996725272819042
3996725234992536
3996725234764409
3996725234462850
3996725221410248
3996725213018249
3996725200890164
3996725192955885
3996725192955695
3996725192954778
3996725192725987
3996725192724568
3996725188759744
3996725188528382
3996725188526040
3996725188086676
3996725183647618
3996725183647591
3996725183647434
3996725183647071
3996725016007890
3996724941386509
3996724856361502
3996724836599333
3996724823993348
3996724685291848
3996724680392860
3996724534265508
3996724386672115
3996724261617903
3996724252400791
3996724236097932
3996723226015208
3996726480564394
3996726451145985
3996726292114738
3996726283713011
3996726283340984
3996726206925062
3996726165266912
3996726065477721
3996726027527539
3996726022566258
3996725998107564
3996725964886964
3996725943077132
3996725938648711
3996725872458729
3996725821163527
3996725779205214
3996725737246793
3996725696082281
3996725692309438
3996725686896159
3996725683912109
3996725646088505
3996725558096969
3996415674414170
3996407221883352
3996728024175589
3996728015772683
3996727956993484
3996727956993049
3996727935985398
3996727935128577
3996727923386195
3996727898397100
3996727877391643
3996727872189091
3996727809251590
3996727792468599
3996727771487939
3996727767292132
3996727746313560
3996727700157592
3996727634227538
3996727617421023
3996727616239226
3996727592214954
3996727574280213
3996727528933070
3996727524376079
3996727494821431
3996727335803010
3996727163344597
3996726967244146
3996726950120816
3996726945155011
3996726878518152
3996726870875208
3996729257242204
3996729025911487
3996728976252362
3996728963648168
3996728938309170
3996728926100827
3996728573302473
3996728384951762
3996728257945904
3996728208558778
3996728208558187
3996728141552784
3996728078790215
3996728052613173
3996728032367363
3996720494478900
3996007647832106
3996717642979595
3996730561797675
3996730557272355
3996730539752652
3996730486095276
3996730473822587
3996730460346736
3996730314451842
3996730254427790
3996730225861904
3996730222000821
3996730179911353
3996730070669231
3996730050011800
3996729819469694
3996729727051084
3996729676327695
3996729462501046
3996729450155186
3996729311082456
3996731849100721
3996731789605779
3996731773950545
3996731726667074
3996731638554033
3996731614538156
3996731601053407
3996731559094552
3996731554897532
3996731488491471
3996731475176874
3996731475176271
3996731391257142
3996731220347239
3996731160483411
3996730925775249
3996730893188020
3996730799897003
3996730796519116
3996730715979881
3996730700183882
3996730636257667
3996733114971413
3996733015324668
3996720273014180
3996733014531934
3996733010337260
3996733006160317
3996040564101187
3996732998631131
3996732997749259
3996732985161465
3996732868586774
3996732834324608
3996732797380318
3996732772155084
3996732751144242
3996732746174573
3996732737780008
3996732737607182
3996732737606877
3996732737606783
3996732737606650
3996732737606580
3996732737606181
3996732737606163
3996732733411534
3996732733411497
3996732733411179
3996732733410763
3996732666278183
3996732573968431
3996732562580168
3996732424189106
3996732372895022
3996732365370593
3996732293149700
3996732277129623
3996732256375204
3996732234365549
3996732184947522
3996732032963894
3996732024573201
3996731974222945
3996731962549442
3996731022018899
3996734432998589
3996734398632102
3996734370197480
3996734344754569
3996734269606036
3996734252551708
3996734235991354
3996734176906861
3996734164809284
3996734104926361
3996734083947152
3996733959180172
3996733895134759
3996733744876392
3996733711800273
3996733693996960
3996733606756171
3996718935027729
3996733601944945
3996733548173789
3996733493225217
3996733488400825
3996733472531145
3996733396092721
3996733392950880
3996733375113228
3996733341547753
3996733241819078
3996729076716991
3996732557685612
3996735758548399
3996735716528149
3996735682909222
3996735682049132
3996735669461465
3996735599138925
3996735599135795
3996735451270056
3996735330562925
3996735300882668
3996735296683882
3996735280295824
3996735254717661
3996735246931047
3996735246324713
3996735207905563
3996735133275427
3996735045472454
3996735031938072
3996735006762955
3996734746621781
3996734726421070
3996734722028317
3996734704664437
3996734634442969
3996734634440958
3996734542240955
3996737020025695
3996737016458241
3996724836599147
3996736789252368
3996736747919581
3996736697904351
3996736684354743
3996736643607649
3996736508388483
3996736508388396
3996736424469256
3996736270045414
3996736269221185
3996736265025031
3996736256632410
3996736219616635
3996736210477177
3996735992287778
3996735795970879
3996731832769176
3996738304602982
3996738269852485
3996738169153667
3996738060364246
3996738056707015
3996738048539745
3996738039084981
3996737968726873
3996737864186301
3996737863341811
3996737837948159
3996737822161605
3996737771718020
3996737766619219
3996737766618801
3996737662483460
3996737514870229
3996737314261349
3996737280406053
3996737247290903
3996737192535045
3996737176147681
3996737058775635
3996739592003228
3996739583539019
3996739574248950
3996739541838791
3996739499822181
3996739432500283
3996739410606663
3996739268874676
3996739159871542
3996739130440132
3996739122406271
3996739054216922
3996739034409808
3996739034407894
3996738991278552
3996738916622355
3996738526587437
3996738513779777
3996738492973416
3996740816869429
3996740724227105
3996734898655326
3996740674061904
3996740673321797
3996740619438447
3996737490462319
3996740556890598
3996740540077922
3996740534855364
3996740501888728
3996740468413467
3996740413174306
3996740409832700
3996740396391848
3996740325619694
3996740322056088
3996740288178954
3996740287844852
3996740287844835
3996740287843691
3996740287642596
3996740283101028
3996740283100950
3996740283100812
3996740283100460
3996740283100448
3996740283100281
3996740283100204
3996740112229880
3996739977302079
3996739885582169
3996739779850943
3996739650829221
3996741773135992
3996741625883531
3996741571581132
3996741558143626
3996741550572775
3996741546367481
3996741529938830
3996741475319419
3996741387346538
3996741298954205
3996741298951309
3996741135293651
3996741092651217
3996740963688817
3996740934272225
3996743400547858
3996743315851480
3996743266347591
3996743261196271
3996743245333138
3996743140328079
3996743106932706
3996743051400798
3996742913911112
3996742896780961
3996742808855312
3996742804898392
3996742754737551
3996742585909406
3996742493599240
3996742376814554
3996742284625399
3996742263613320
3996742237644251
3996742233448105
3996744671164069
3996744636700026
3996744561434782
3996744440584791
3996744385959931
3996744289090093
3996744243355210
3996744218561147
3996744057915157
3996744057915104
3996743991770676
3996743970060652
3996743933128531
3996743861960091
3996743768650375
3996743579829346
3996743555552738
3996745929738689
3996745925535106
3996745879314146
3996745778014413
3996745656050803
3996745635072465
3996745601504120
3996745598192391
3996745560377309
3996745501001867
3996745489318431
3996745480537636
3996745412687816
3996745400970496
3996745376130010
3996745346313190
3996745329901593
3996745328768896
3996745316180407
3996745233526246
3996745219936553
3996745157898883
3996745023712336
3996744875868937
3996744766774739
3996743588906629
3996747330713442
3996747208882224
3996746927939916
3996746869051658
3996746826194651
3996746722336413
3996746701012706
3996746680230829
3996746575444608
3996746574701312
3996746416030177
3996746374368440
3996746344596564
3996735896970808
3996748491437491
3996748454379939
3996748438013790
3996748417001125
3996748365898345
3996748341344491
3996748341155904
3996748311013794
3996748307534532
3996748156942499
3996748130594016
3996748092831103
3996748088636132
3996748084439832
3996748084439250
3996748084439242
3996748084438987
3996748076879832
3996747996588830
3996747996588655
3996747929599178
3996747913077495
3996747904279352
3996747842203896
3996747841984247
3996747841982327
3996747841980433
3996747838009032
3996747838007337
3996747838006585
3996747838004740
3996747837776775
3996747837144664
3996747832949649
3996747832949590
3996747832949421
3996747791822918
3996747761620237
3996747691222826
3996747586457435
3996747586203315
3996747255099381
3996749897412076
3996749888923368
3996749868258684
3996749771628291
3996749607925624
3996749598918404
3996749170916585
3996749096456683
3996749066017443
3996748973706208
3996748839435084
3996748801671537
3996748650880667
3996751172672275
3996751159728296
3996751151667326
3996751150955139
3996751109643785
3996751109303258
3996750978863446
3996750950146444
3996750949480771
3996750924297980
3996750852677011
3996750782423224
3996750757468780
3996750693496873
3996750635621586
3996750555694227
3996750555034537
3996750463506987
3996750459653123
3996750433354526
3996750387200151
3996750349437355
3996750349437329
3996750349437251
3996750349437189
3996750177406662
3996750060183980
3996750040259549
3996750022421171
3996749959484040
3996537418208561
3996752368007953
3996752261992575
3996752258380209
3996752170810540
3996751864623686
3996751691605989
3996751671528457
3996751645449612
3996751617218943
3996751612680374
3996751612679734
3996751465726306
3996751356190422
3996751327859195
3996751202079999
3996753725850021
3996753709458269
3996753387197487
3996753214450264
3996753118816304
3996753117701043
3996752979235176
3996752871116882
3996752757978256
3996752724367738
3996752689977937
3996752686807007
3996752585457457
3996752535490252
3996751196742359
3996754992497867
3996754758497405
3996730757938757
3996754750291869
3996754708053559
3996754645463180
3996754410355717
3996754405810728
3996754200425680
3996754167096138
3996754120268575
3996754037367000
3996753957281419
3996484993304540
3996756167091097
3996756151062602
3996756016947149
3996755979390668
3996755949976735
3996755891018898
3996755891018819
3996755891016996
3996755714903536
3996755684559092
3996755660527061
3996755655188148
3996755639506555
3996755639387774
3996755604837738
3996755600641111
3996755567073942
3996755546094986
3996755546094777
3996755442453937
3996755424675197
3996755403915697
3996755387126627
3996755382716923
3996755382716735
3996755382716637
3996755382716508
3996755382716392
3996755382716386
3996755382716169
3996755382715823
3996755350236146
3996755168726646
3996755089003262
3996757552026230
3996757506058089
3996757228140692
3996757157808730
3996757136803506
3996757077948976
3996756818233793
3996756788816880
3996756640967330
3996756608387067
3996756482263948
3996756427956847
3996791269974225
3996790972406550
3996790741608391
3996790716198363
3996790686788014
3996790603220745
3996790539162965
3996790401830499
3996790057314819
3996789390889363
3996789088130772
3996788967073007
3996788845120916
3996788119862205
3996787826277572
3996787792554386
3996787725693092
3996787654071738
3996787498373818
3996787334755428
3996787309582941
3996786882414309
3996786814786738
3996786395248531
3996786210652963
3996786106682789
3996785838517510
3996785712088535
3996785586880811
3996785435662040
3996784928259355
3996784840286460
3996784508625304
3996783636491253
3996783384645638
3996783351310149
3996783069289005
3996782792385318
3996782507091291
3996782071020133
3996781982913799
3996781890613975
3996781882983045
3996781815094551
3996781493310079
3996781135688181
3996780960642617
3996780900741878
3996780109185045
3996780012160198
3996779190677046
3996778913456822
3996778581429588
3996778569762077
3996778372732675
3996778354871563
3996778351711227
3996778343151188
3996778271104489
3996778192225344
3996791253347757
3996791127584887
3996791127580509
3996791093223168
3996791072789181
3996790972408728
3996790959124182
3996790841219554
3996790837772244
3996790770817617
3996790716198363
3996790715986037
3996790712000870
3996790670445060
3996790661186330
3996790618872485
3996790618872459
3996790618872424
3996790618872267
3996790618872211
3996790555944326
3996790532058926
3996790473038103
3996790464636145
3996790426411184
3996790409373045
3996790359030383
3996790309655156
3996790258519635
3996790220742948
3996790203807181
3996790099655696
3996790083048416
3996790056974064
3996790028692815
3996790007030607
3996790002749538
3996789923363226
3996789827088356
3996789700379108
3996789700378948
3996789629866597
3996789596032639
3996789554682674
3996789469965917
3996789361663688
3996789360561071
3996789260906156
3996789260905043
3996789231186076
3996789163645818
3996789109277886
3996789084692295
3996789054714663
3996789038475268
3996789034467330
3996788912693934
3996788887480837
3996788879265161
3996788857963969
3996792611444404
3996792431704029
3996792381169699
3996792351795187
3996792192742744
3996792155056125
3996791941308720
3996791906904950
3996791773505281
3996791697723622
3996791685121486
3996791622528847
3996791458504771
3996791407729757
3996791315920538
3996792633209401
3996792633209170
3996792632683387
3996792435722556
3996792419468918
3996792409960959
3996792377075694
3996792313734379
3996792259176249
3996792159258696
3996792029282175
3996792029281987
3996791936694676
3996791916096083
3996791881371240
3996791878130656
3996791718423413
3996791635125868
3996791592163747
3996791445656049
3996791403953896
3996793459181597
3996793396178005
3996793266645697
3996793143847556
3996793139651857
3996792826211411
3996792767393378
3996792713040053
3996793966961349
3996793941752735
3996793928592088
3996793925198520
3996793904182720
3996793903712981
3996793891308733
3996793832475036
3996793807523081
3996793794910435
3996793685017822
3996793643515886
3996793639317349
3996793622836033
3996793618903414
3996793555855609
3996793550774474
3996793533993418
3996793521408361
3996793501498932
3996793488888160
3996793467879359
3996793399749525
3996793388280915
3996793387982508
3996793387164146
3996793383186910
3996793366961803
3996793296071081
3996793269701922
3996793227750428
3996793219750682
3996793203530786
3996793185799034
3996793173753597
3996793164823578
3996793145001549
3996793144999053
3996793140179318
3996793140178779
3996793140178187
3996793139997891
3996793139995869
3996793139652609
3996793139652317
3996793139652190
3996793139652103
3996793139652035
3996793139651916
3996793136276553
3996793135457287
3996793135457189
3996793135456908
3996793135456882
3996793135456805
3996793098784747
3996793068335124
3996792985279630
3993790563364394
3995735656084438
3996795217068119
3996795165614421
3996794989423572
3996794960058306
3996794453604810
3996794394517312
3996794326865734
3996794244021625
3996794163933081
3996795254626782
3996795111404150
3996795111079161
3996795094298672
3996794934888186
3996794909718422
3996794885638530
3996794838402636
3996794826007797
3996794717820703
3996794654378922
3996794616412537
3996794423940034
3996794394449116
3996794394449041
3996794389530411
3996794377971935
3996794339451091
3996794326866273
3996794323588673
3996794318672307
3996794264765173
3996794264763832
3996794256364709
3996794146853698
3996794142282419
3996794033210237
3996793970569236
3996793593414386
3996793576885649
3996796302833233
3996796155374053
3996796118717591
3996795766084735
3996795711910688
3996795652627540
3996795648041185
3996795565081899
3996795434095070
3996795107824129
3996794956577058
3996793954354988
3996791605118422
3996789507396549
3996796562291472
3996796558960425
3996796407939268
3996796378531057
3996796377710838
3996796353315630
3996796306395540
3996796303322470
3996796264445066
3996796240305518
3996796227521685
3996796176696777
3996796155709684
3996796138921985
3996796118718828
3996796054983598
3996795984324892
3996795950710394
3996795928844172
3996795883933619
3996795858528116
3996795812097873
3996795804109145
3996795795023133
3996795778527353
3996795766085450
3996795736561313
3996795719356245
3996795715911747
3996795702985723
3996795694286966
3996795677406443
3996795664905361
3996795660626381
3996795653323089
3996795653065479
3996795652626791
3996795652236007
3996795644234153
3996795640252721
3996795602905372
3996795581891022
3996795560878835
3996795396545136
3996795362965904
3996795300627320
3996794951918888
3996797737626296
3996797049167615
3996796919541975
3996796764188660
3996796591950379
3996796068109003
3996719455099076
3996800384093143
3996800177859035
3996800053001981
3996799959887546
3996799872325126
3996799465215641
3996799427369478
3996799356530932
3996798996028782
3996798739234743
3996798228001105
3996801700381379
3996801524191161
3996800836703962
3996800723653664
3996800568729298
3996801864983205
3996801789035711
3996801705103661
3996801692808289
3996801663564940
3996801588206061
3996801499985009
3996801466626758
3996801461705702
3996801453029541
3996801440973119
3996801440970905
3996801440969651
3996801310897758
3996801302192054
3996801298307281
3996801268611150
3996801264415475
3996801260995004
3996801185610493
3996801134994336
3996801075903001
3996801050959172
3996801034359312
3996801017812400
3996800957866188
3996800937420015
3996800932695896
3996800928501403
3996800895455434
3996800836560458
3996800795149110
3996800778211013
3996800757547151
3996800739726650
3996800728392885
3996800727425774
3996800715549365
3996800701971210
3996800690323049
3996800690079808
3996800686362534
3996800686360757
3996800686358208
3996800686357939
3996800686357877
3996800686126339
3996800686125879
3996800686122349
3996800685452564
3996800685451941
3996800685451281
3996800685191383
3996800685191259
3996800685191074
3996800593162499
3996800547966075
3996800434777947
3996800434777485
3996800426378338
3996802732838161
3996802288422683
3996802124952124
3996802015568517
3996803269062016
3996803248944673
3996803203058130
3996803203057292
3996803202715277
3996803198514199
3996803186247887
3996803168955954
3996803122505737
3996803080534412
3996803067699122
3996802950736499
3996802930182509
3996802925067818
3996802875453430
3996802875446341
3996802854220186
3996802791270118
3996802699601477
3996802669456200
3996802640643363
3996802597856135
3996802597855756
3996802539340466
3996802527137369
3996802477405556
3996802451796808
3996802447395981
3996802435378773
3996802342793849
3996802325528940
3996802301163747
3996802287424763
3996802262995016
3996802199329587
3996802196373304
3996802179172300
3996802028584226
3996801978017241
3996801973957328
3996801960628306
3996801944546305
3996801943837950
3996801915395714
3996804284835945
3996804251216658
3996804062890934
3996803953628053
3996803811024074
3996803680724631
3996804608150236
3996804594436343
3996804548523229
3996804511265006
3996804506340269
3996804473918858
3996804461092899
3996804460374947
3996804443414446
3996804401463438
3996804376791570
3996804297685783
3996804251216658
3996804217593890
3996804158826636
3996804062892095
3996804045106971
3996804041881465
3996804032298601
3996803974179513
3996803956787177
3996803869081578
3996803809961074
3996803605137020
3996803517013180
3996803516780299
3996803436863736
3996803017571474
3996805731569673
3996805664689825
3996805656536557
3996805216130298
3996805018686847
3996805010538162
3996804964548509
3996804838169699
3996805954327914
3996805945167400
3996805915789970
3996805861939451
3996805810731914
3996805786126279
3996805760762270
3996805718977977
3996805718786434
3996805718786430
3996805718440871
3996805610582923
3996805505542551
3996805479325062
3996805383955263
3996805283137346
3996805253950097
3996802691198990
3996805253715572
3996805244404586
3996805232162366
3996805215895537
3996805093915170
3996805043305666
3996804972193946
3996804967795745
3996804859151246
3996804846138977
3996804821941416
3996804750270151
3996804712937896
3996804683526126
3996804653454969
3996807283682445
3996807216713938
3996806943628549
3996806922557007
3996806704314737
3996806570907529
3996806516090878
3996806440925260
3996806394392434
3996806368670852
3996806365094446
3996806340148496
3996806277328129
3996806230234909
3996806214563727
3996806205685322
3996806193339129
3996806180737540
3996806084106313
3996807258384347
3996807195111076
3996807115700033
3996807098579340
3996807040686980
3996807006581059
3996806982122910
3996806982119438
3996806977202186
3996806973715464
3996806923126518
3996806917958497
3996806880942806
3996806738711702
3996806708512175
3996806578662882
3996806529155065
3996806524953969
3996806440161133
3996806414815930
3996806393992446
3996806340148496
3996806331036506
3996806264719125
3996806222970392
3996806222490447
3996806189353356
3996806188284257
3996806080115971
3996806058489488
3996805971134003
3996808651157572
3996808466070776
3996808344348968
3996808327743484
3996808240041145
3996808214838374
3996808131142777
3996808063198817
3996807934232109
3996807845058715
3996807824913315
3996807761476788
3996807724436109
3996807652088111
3996808679874249
3996808659273425
3996808626246880
3996808578923738
3996808533378068
3996808532778463
3996808508520137
3996808487812762
3996808487501095
3996808487500773
3996808487212920
3996808487055656
3996808461874311
3996808432860561
3996808360782962
3996808310767305
3996808310442822
3996808306247472
3996808268492403
3996808244570546
3996808244568749
3996808240368000
3996808240045592
3996808239126936
3996808236170017
3996808235680939
3996808235215893
3996808235215855
3996808234932179
3996808234932006
3996808234931699
3996808038029053
3996808005383268
3996807984297052
3996807983493928
3996807945883970
3996807934232109
3996807825006947
3996807807303872
3996807732094390
3996807710818337
3996807677258431
3996807677258109
3996807660478201
3996807656540797
3996807648693620
3996807560842676
3996807555603230
3996807481020841
3996807421363132
3996807396573128
3996809955801422
3996809938482513
3996809926390624
3996809905384727
3996809519625786
3996809456349342
3996809406186294
3996809347358020
3996809300841111
3996808919845505
3996808914912522
3996808746723798
3996809992384143
3996809980235768
3996809959760447
3996809958824127
3996809942458860
3996809845925715
3996809838426370
3996809749944477
3996809745738620
3996809719970528
3996809719970393
3996809678020564
3996809678020401
3996809649368419
3996809637003600
3996809628604719
3996809624402310
3996809624158115
3996809556931453
3996809556849719
3996809540632176
3996809532233677
3996809519625786
3996809494159737
3996809493615184
3996809427192748
3996809426457438
3996809380172560
3996809338613807
3996809334111003
3996809288197965
3996809275658043
3996809254676658
3996809242087682
3996809237836001
3996809212654819
3996809200062679
3996809162741947
3996809120316226
3996809066374541
3996808990727329
3996808982323249
3996808957378806
3996808939835832
3996808911157623
3996808910807890
3996808886231254
3996808880964362
3996808764649757
3996808739435687
3996811095979307
3996811004328823
3996810537734747
3996810508977631
3996810332541287
3996810324762058
3996810232345301
3996810152510091
3996810105649908
3996810035370739
3996811364557583
3996811280930402
3996811180361681
3996811155296798
3996811155296260
3996811117484277
3996811116961456
3996811108255567
3996811083312633
3996811032745176
3996810911090367
3996810899002155
3996810886537793
3996810843970243
3996810777563737
3996810760750273
3996810752785096
3996810667779150
3996810642609245
3996810638679262
3996810567993316
3996810542142559
3996810517372620
3996810500757502
3996810471344467
3996810442404064
3996810341349782
3996810249151301
3996810105649884
3996812480722768
3996812266107372
3996812190739354
3996811855281095
3996811855280029
3996811717464204
3996811503463152
3996811461324069
3996812736457807
3996812627230831
3996812610422525
3996812580440424
3996812547672881
3996812535064400
3996812526939369
3996812525905267
3996812514332569
3996812513882277
3996812426109108
3996812362642029
3996812346020540
3996812341654746
3996812291944138
3996810785579796
3996814024187807
3996813986194288
3996813948080734
3996813785225606
3996813772615186
3996813768208736
3996813667834605
3996813600618692
3996813561804118
3996813504242521
3996813466209786
3996813453093307
3996813406590317
3996813381746948
3996813373771954
3996813361170318
3996813269208757
3996813269208596
3996813268973452
3996813268972464
3996813268970960
3996813268734548
3996813268155477
3996813268155205
3996813168021758
3996812946267827
3996812887449947
3996812816017089
3996812765019867
3996812262487762
3996812103175344
3996812094220192
3996812077963940
3996812026869916
3996812010998190
3996811985444074
3996811977042462
3996811931190089
3996811897478876
3996811818026403
3996811746499499
3996811658272414
3996811624927139
3996811586449145
3996811507672235
3996814926048604
3996814799298006
3996813977108866
3996813772409450
3996813532439533
3996813218557121
3996812950464379
3996812849887222
3996812723452926
3994652250314491
3996815436961549
3996815253204723
3996815247935534
3996815222765904
3996815168675152
3996815043299215
3996814984477782
3996814837706296
3996814786485349
3996814778312625
3996814644725257
3996814602721426
3996814526394081
3996814513809275
3996814452145499
3996814409195363
3996814401741685
3996814359576449
3996814330166097
3996814304960260
3996814274954380
3996814082326989
3996818050768023
3996817828395199
3996817614223252
3996817119190576
3996817043652056
3996817030781273
3996816691846791
3996816548748944
3996816310092502
3996816213739533
3996816053110997
3996815567731652
3996812416941337
3996810534584279
3996818163610209
3996818050768848
3996818038166217
3996818017166290
3996817979357786
3996817940599487
3996817932803441
3996817865461399
3996817740251336
3996817740246739
3996817711036299
3996817513167027
3996817500574332
3996817358719404
3996817299123031
3996817148565130
3996816913271530
3996816808209753
3996816787679109
3996816704447410
3996816545080879
3996816540880086
3996816531339352
3996816510631344
3996816419314332
3996816410917346
3996816309820130
3996816293289176
3996816289088978
3996816036628264
3996816036626876
3996816036626718
3996816028673971
3996816024036288
3996815923328490
3996815898158838
3996815881379108
3996815818453830
3996815810063815
3996815785945968
3996815785638330
3996815785281311
3996815785279911
3996815784893691
3996815784893542
3996815784893518
3996815784893467
3996815784893460
3996815780855660
3996815722606284
3996815718724470
3996815680917807
3996815650654424
3996815630016502
3996815630015473
3996815626224510
3996815618150448
3996815550276956
3996819321577423
3996819242022489
3996819044846588
3996818850912446
3996818847667876
3996818440945557
3996818365168582
3996818348365722
3996818217903390
3996819493455078
3996819321577423
3996819208029589
3996819191606818
3996819098574432
3996819065846744
3996819056936538
3996819036441094
3996818998502545
3996818985901964
3996818926504889
3996818847667876
3996818822320385
3996818805515185
3996818755505266
3996809317246817
3996817878805525
3996817290980971
3996820718168738
3996820684404778
3996820517081428
3996820436952007
3996819828805616
3996819693848773
3996819577042324
3996819531383353
3996819476324769
3996820847828469
3996820818733449
3996820818449251
3996820817850597
3996820784290695
3996820746796775
3996820676158082
3996820676009812
3996820608361724
3996820554884911
3996820512886209
3996820361587216
3996820332502528
3996820243764442
3996820097148600
3996820068036939
3996820063574571
3996819949744870
3996819812357327
3996819812355551
3996819811524978
3996819741200107
3996819673607505
3996819644185397
3996819614525924
3996819568648035
3996819560415483
3996819535583597
3996818734096753
3996818729900541
3996818726091398
3996818713090388
3996818662137703
3996818574224438
3996818570914004
3996818540483474
3996818536453527
3996818465731848
3996818427728691
3996818427219091
3996818406243982
3996818381432230
3996818373175573
3996818356764689
3996818335264547
3996822014511676
3996821711747282
3996821552935994
3996821372516573
3996821330796869
3996821033028540
3996822182284126
3996822089609450
3996821921716612
3996821858818490
3996821816270572
3996821799489998
3996821787937398
3996821695514584
3996821611475524
3996821611474800
3996821544537798
3996821480912423
3996821435135554
3996821392770229
3996821321819068
3996821287694184
3996821263582673
3996821103425146
3996820961147609
3996820910141751
3996820906424869
3996820860257647
3996820856223497
3996820567486988
3996823477891542
3996823351550180
3996822831602664
3996822642733977
3996822576401252
3996822529959098
3996822492642915
3996822273987625
3996822253193438
3996822198573595
3996823570548138
3996823569992671
3996823544380629
3996823519919596
3996823465749709
3996823423088981
3996823364860144
3996823347839472
3996823347538332
3996823344106590
3996823344105402
3996823344104817
3996823343635982
3996823343632949
3996823343632631
3996823343152960
3996823343152911
3996823343015350
3996823343015336
3996823343015052
3996823339905909
3996823339437338
3996823338956862
3996823338820637
3996823338820529
3996823338820461
3996823317845590
3996823271794475
3996823238475123
3996823109130444
3996822890361797
3996822831217716
3996822831217107
3996822819282862
3996822794355558
3996822743464048
3996822613975641
3996822584797458
3996822559098007
3996822555164842
3996822500344549
3996822424743453
3996822269998418
3996822253193438
3996824824073829
3996824588696412
3996824203822126
3996824090160275
3996824052637948
3996824010421555
3996823696376047
3996824870042467
3996824848792751
3996824845232138
3996824677812080
3996824656808341
3996824593775092
3996824593636778
3996824593635242
3996824430188853
3996824396837054
3996824136060628
3996824103237872
3996824097869126
3996824078029169
3996824052389433
3996824014822875
3996823998191182
3996823989605371
3996823959715829
3996823935420823
3996823889003092
3996823838242600
3996823708112403
3996823682926021
3996823586781038
3996823586372076
3996823586331728
3996823586331560
3996823577977909
3996822995973122
3996825873173807
3996825755729234
3996824929264964
3996823469092415
3996819811309241
3996826232956374
3996826149263498
3996826103084045
3996826095175837
3996826032408221
3996826010568492
3996825964846952
3996825951837527
3996825940184385
3996825910724137
3996825893486732
3996825880893933
3996825851852893
3996825851851205
3996825851850657
3996825826285008
3996825814288202
3996825775642276
3996825743118464
3996825738606152
3996825604355264
3996825595659282
3996825574277710
3996825571001098
3996825532326732
3996825515906753
3996825461338093
3996825453315447
3996825431958674
3996825331619372
3996825230901944
3996825189216803
3996825146964595
3996825096435124
3996824933463476
3996824929264964
3996827554386315
3996827475259949
3996827060027834
3996826857713517
3996826603003649
3996826484804431
3996827454513859
3996827453646751
3996827404086347
3996827344813780
3996827243660929
3996827160887831
3996827110051271
3996827109709892
3996827109709782
3996827109708590
3996827109708504
3996827089068907
3996827060027834
3996826892185867
3996826736543112
3996826715560242
3996826707011727
3996826628225197
3996826610204804
3996826606706543
3996826602734197
3996826560544941
3996826472417840
3996826438844525
3996826430239504
3996826405054671
3996826367501493
3996826362956759
3996826354911084
3996828451579249
3996828443189283
3996828204463964
3996828074533360
3996827638868962
3996828947263472
3996828904923050
3996828871339472
3996828863482964
3996828817440042
3996828782990039
3996828775687756
3996828775683511
3996828725269334
3996828683067328
3996828657138148
3996828632642729
3996828619749329
3996828595279150
3996828544865136
3996828501920091
3996828494705746
3996828486301362
3996828448045780
3996828439257941
3996828435661013
3996828418269920
3996828410270822
3996828393840630
3996828385436330
3996828380488908
3996828368300175
3996828368299975
3996828367897226
3996828367677490
3996828367677152
3996828321727085
3996828271620357
3996828259647608
3996828221252431
3996828167260259
3996828166313581
3996828116845331
3996828070839830
3996827978674485
3996827918805306
3996827869157305
3996827798264823
3996827718464430
3996827685086704
3996827659639744
3996827613151662
3996830239332821
3996829891426737
3996829773450294
3996829018690846
3996830239332821
3996830142653762
3996830125153035
3996830079949847
3996830049782969
3996830033999344
3996829995860744
3996829995630893
3996829907966396
3996829878471609
3996829874618136
3996829828049100
3996829739876132
3996829719433913
3996829618171195
3996829576468374
3996829374232508
3996829340671597
3996829168936433
3996829136075114
3996829123467628
3996829115480925
3996829089849609
3996829001884951
3996828988930413
3996828368301055
3996831593556833
3996831204192225
3996830906079519
3996830897142599
3996830889261047
3996831619360110
3996831593556465
3996831526218482
3996831404764823
3996831388540603
3996831388540376
3996831387607741
3996831379920648
3996831375384934
3996831363109789
3996831358242342
3996831354397829
3996831162174356
3996831115391827
3996831103095298
3996831065291305
3996831044774836
3996831018872596
3996830977164199
3996830947125851
3996830918407002
3996830892589083
3996830889528985
3996830889258662
3996830889029076
3996830885323605
3996830885322392
3996830885321357
3996830885321117
3996830885320652
3996830885059138
3996830885058568
3996830884830868
3996830884830826
3996830884549681
3996830884549466
3996830884549105
3996830884547979
3996830884198680
3996830809957589
3996830780276948
3996830780276664
3996830766735901
3996830755065601
3996830389871084
3996830381474758
3996830344373078
3996830340169636
3996830318413654
3996832923373011
3996832864349046
3996832637476974
3996831799768077
3996831744187969
3996830553205562
3996832876595858
3996832852371188
3996832827427889
3996832801671526
3996832680417712
3996832621870700
3996832617670041
3996832566347494
3996832563062685
3996832554070843
3996832541425576
3996832525261855
3996832478462011
3996832395271421
3996832239211584
3996832227331797
3996832193717633
3996832134545458
3996832050426890
3996832033940814
3996832021351766
3996831996036448
3996831891919825
3996831891524578
3996831886820018
3996831820771701
3996831815503765
3996831795560570
3996831702507371
3996831698937323
3996831367194252
3996834152797458
3996834109682152
3996833401873358
3996832969272014
3996834164420713
3996834160566884
3996834156992713
3996834156369080
3996834143242341
3996834123386647
3996834050951160
3996834034566689
3996833954818134
3996833883850265
3996833770709339
3996833506163473
3996833422510811
3996833405242783
3996833401761334
3996833401509105
3996833401508432
3996833401045298
3996833400978861
3996833359073776
3996833292540129
3996833246589530
3996833220831239
3996833174444782
3996833149481828
3996833133561673
3996833115714574
3996835582270349
3996835007779138
3996834475737294
3996834328968937
3996835637031269
3996835611255891
3996835414970973
3996835410942175
3996835394139508
3996835360044671
3996835091460367
3996835083317825
3996834919329963
3996834915784316
3996834894194118
3996834889964479
3996834877974497
3996834856946754
3996834811267889
3996836865524761
3996836723934068
3996836698734587
3996836597911805
3996836559402792
3996836505218368
3996836391911844
3996836374999203
3996835997689617
3996835910018927
3996836924621171
3996836832296540
3996836693322305
3996836597912190
3996836547764631
3996836451155555
3996836409146627
3996836400182095
3996836354438933
3996836321193591
3996836139964920
3996836030763385
3996835968465201
3996835955552076
3996835917951528
3996835917496320
3996835917495682
3996835859498349
3996835843080476
3996835833835803
3996835700133171
3996835678376692
3996834743642899
3996834743137621
3996834714651752
3996834701185749
3996834680692911
3996834660295969
3996834660031859
3996834659419549
3996834492264503
3996834470455256
3996834282760636
3996838249934470
3996837997729311
3996837805018101
3996837721903208
3996837394379557
3996838300288889
3996838283782233
3996838195147330
3996838182791931
3996838178116127
3996838103080995
3996838006553867
3996837931905568
3996837914485556
3996837889673633
3996837859932017
3996837855358910
3996837805103661
3996837780454379
3996837667531901
3996837645605697
3996837633582979
3996837507391494
3996837486703687
3996837427462044
3996837336216034
3996837084381431
3996839361996297
3996838941717984
3996838883359142
3996838681746679
3996838627835069
3996838551627235
3996838442404348
3996838438555669
3996838337528078
3996839491971654
3996839449304912
3996839428681976
3996839423792307
3996839366195782
3996839332160328
3996839294640899
3996839223047490
3996839189471480
3996839189354008
3996839139109930
3996838938045151
3996838937913236
3996838937520224
3996838888033146
3996838870770852
3996838849641621
3996838845590791
3996838816858459
3996838732281972
3996838690140751
3996838686117579
3996838685943466
3996838685943201
3996838685720708
3996838665395313
3996838653051254
3996838640217958
3996838601819666
3996838539820916
3996838438941058
3996838438771319
3996838438770466
3996838438557726
3996838438209576
3996838438209500
3996838434741717
3996838434741556
3996838434360874
3996838417573563
3996838345917795
3996840712254687
3996840267739105
3996840187471795
3996840116120054
3996839823237490
3996839822329083
3996839734455785
3996840955967140
3996840955966700
3996840896838392
3996840674352826
3996840611006315
3996840460313981
3996840418033676
3996840304993450
3996840280110092
3996840254425416
3996840234122205
3996839994734546
3996839969988234
3996839944783045
3996839944782330
3996839877952935
3996839877952711
3996839718018722
3996838526307681
3996838514313742
3996838505331538
3996838496941775
3996838475965891
3996838467939360
3996838467576302
3996838455558008
3996838451149174
3996838447163704
3996838443597721
3996838442753332
3996838439395328
3996842465359252
3996842360114836
3996841702179696
3996841693415066
3996841626108490
3996840971520436
3996842461163199
3996842436341436
3996842213550376
3996842209988289
3996842209263641
3996842209262684
3996842209262613
3996841827714670
3996841676475844
3996841579935335
3996841509464520
3996841449761773
3996841413102342
3996841403898993
3996841378889426
3996841156512204
3996841152616397
3996841144510882
3996841068368848
3996841043185661
3996840959460430
3996843702889667
3996843333565401
3996843287876174
3996843254258746
3996843182252490
3996843178287209
3996842830511381
3996843845463399
3996843706659719
3996843698267993
3996843639688633
3996843551547134
3996843542620880
3996843467862581
3996843467404693
3996843467107364
3996843451075292
3996843375327831
3996843333565401
3996843320539335
3996843211634669
3996843182252490
3996843035593305
3996842977487397
3996842947718559
3996842762585728
3996842742753580
3996842562152551
3996844474667330
3996844155655178
3996844146715682
3996844054784459
3996844017158339
3996843891084527
3996845003214704
3996844977390618
3996844964492172
3996844881649414
3996844486516261
3996844307189836
3996844289690692
3996844223161797
3996844126797262
3996844122083607
3996844030179912
3996844017158339
3996843966638154
3996846340828864
3996846181203724
3996845149742454
3996846488077056
3996846487341925
3996846235905742
3996846235905696
3996846231147623
3996846223179179
3996846092971468
3996846076266737
3996846072067678
3996846026682370
3996845997522421
3996845988708025
3996845988379068
3996845984918002
3996845984917364
3996845984915137
3996845984913536
3996845984913459
3996845984504804
3996845984354801
3996845984354723
3996845984354526
3996845984354091
3996845984184028
3996845984183429
3996845984183232
3996845984182327
3996845984182240
3996845983899685
3996845983899545
3996845971763550
3996845967699875
3996845942755536
3996845899998335
3996845824486565
3996845741536194
3996845732952256
3996845707023313
3996845690388880
3996845522770171
3996845497589278
3996845456196184
3996845393379730
3996845334346918
3996845317110841
3996845305193729
3996845262544263
3996845228966595
3996845196438358
3996845179639491
3996847338829798
3996846815200509
3996846806711245
3996847766975162
3996847699507414
3996847628630095
3996847544221815
3996847502250218
3996847427034166
3996847347032700
3996847338829798
3996847247384612
3996847242295420
3996847226380919
3996847221308396
3996847150309377
3996847145758870
3996847045380069
3996847007514564
3996846910980388
3996846907272895
3996846864599827
3996846856773950
3996846835234742
3996846823512073
3996846739263892
3996846738905044
3996846642637041
3996846571285644
3996848945249967
3996848786524562
3996848500882355
3996848060828543
3996848001723570
3996847859438434
3996849092378344
3996849091650801
3996849004239086
3996848894885823
3996848878751024
3996848819576087
3996848765778635
3996848753171807
3996848744297275
3996848689974071
3996848660361318
3996848601093499
3996848576427151
3996848571727906
3996848513472566
3996848501374128
3996848501176069
3996848501172424
3996848286464100
3996848203626490
3996848115666055
3996848106352061
3996847007514894
3996850367042922
3996849679226528
3996849608652529
3996850413557738
3996850354361250
3996850312824808
3996850257875744
3996850204093152
3996850099400580
3996850040305650
3996850010925852
3996849981548968
3996849906423930
3996849888827564
3996849884630810
3996849813199450
3996849759130151
3996849754775711
3996849679390706
3996849666372067
3996849276565076
3996849260295831
3996849247183701
3996849189284219
3996851348874622
3996851184721290
3996851029901770
3996850745353413
3996850736635710
3996850711741394
3996850547592535
3996850509746698
3996851773034938
3996851710017743
3996851684547051
3996851587559896
3996851499949050
3996851449323008
3996851323417417
3996851177285179
3996851113404703
3996851050479029
3996851029938938
3996851017609939
3996851017310500
3996851016917863
3996851012723142
3996850899800975
3996850883419491
3996850736951059
3996850664532445
3996850648979220
3996850635658540
3996850618940380
3996850551266830
3996850513941915
3996850476170236
3996853094287242
3996853077477976
3996852934457182
3996852510409546
3996852141322633
3996852027997486
3996851831234566
3996853034865040
3996852988602312
3996852766551685
3996852758159369
3996852653107198
3996852582548313
3996852564973243
3996852527926690
3996852431334448
3996852270980640
3996852212249005
3996852082561104
3996852057032161
3996852044783860
3996852020368840
3996853680612125
3996853538614839
3996853537626310
3996853496218074
3996853278426655
3996854130286608
3996854083324711
3996854020359184
3996853970220278
3996853903069318
3996853793945104
3996853790282810
3996853786197525
3996853786082407
3996853785814094
3996853785549795
3996853759965296
3996853730600429
3996853718664247
3996853706072768
3996853656180845
3996853647028575
3996853646698763
3996853542378866
3996853542376465
3996853542075161
3996853542073142
3996853542072736
3996853538755494
3996853538752337
3996853538181011
3996853538180948
3996853538180151
3996853538179929
3996853537877953
3996853537877612
3996853537876152
3996853537874759
3996853537626481
3996853537626355
3996853537626307
3996853537626267
3996853537626233
3996853537626189
3996853537626080
3996853537625675
3996853537625618
3996853534556367
3996853534413117
3996853533983060
3996853496218074
3996853471038946
3996853403646308
3996853332815384
3996853282123022
3996853261139492
3996853232639519
3996855383497619
3996855299546388
3996855274360664
3996855064747219
3996855036244565
3996854771186479
3996854759204618
3996854566200322
3996854360101423
3996853723032604
3996849251893084
3996847523564695
3996847394156276
3996855320993459
3996855304121427
3996855296190051
3996855274360664
3996855211784151
3996855165488950
3996855082198151
3996855073281336
3996854909996896
3996854884676916
3996854791959640
3996854776009228
3996854762791541
3996854754562426
3996854729381322
3996854713251983
3996854410204755
3996854326946203
3996854188521403
3996856201538216
3996856004085039
3996855836559311
3996855757143974
3996855739793215
3996855635979337
3996855535142023
3996856436793593
3996856347823015
3996856302584743
3996856268696967
3996856092346207
3996856055203874
3996856050231552
3996856037774835
3996856025800499
3996855815641624
3996855803755517
3996857560632063
3996857548159506
3996857510049928
3996856951914427
3996856667168333
3996857757112861
3996857560633716
3996857522639793
3996857514058707
3996857485571549
3996857141593208
3996857107345189
3996857065627841
3996857011062349
3996856977085038
3996856851564908
3996856805086937
3996856687868574
3996856520235316
3996859112612601
3996858982219260
3996858874037621
3996858832029913
3996858763976819
3996858759779214
3996858299245246
3996858210464053
3996859116065861
3996859091890154
3996859083490253
3996859066754869
3996859028388718
3996859020279840
3996859011599227
3996858990613700
3996858874037621
3996858772682697
3996858663505343
3996858638086640
3996858575708616
3996858571658662
3996858571160136
3996858567314883
3996858567314741
3996858567314691
3996858567314629
3996858566963887
3996858524990843
3996858516427604
3996858424263260
3996858378687770
3996858348622906
3996858315526188
3996858210464053
3996858160875966
3996858135332143
3996858122087713
3996858013720621
3996857917107627
3996860198735578
3996860185990012
3996860165162178
3996860061045175
3996859935034946
3996859703800681
3996859607600005
3996856796995907
3996860328684703
3996860323991498
3996860295255729
3996860245600798
3996860241399763
3996860219566812
3996860211742867
3996860077296468
3996859984450684
3996859935034528
3996859825502798
3996859820841751
3996859779143018
3996859774694682
3996859624705964
3996859611795810
3996859565090152
3996859385125897
3996859284631683
3996859179494739
3996861083306939
3996861083306873
3996861071348386
3996860580251849
3996861838808671
3996861838598115
3996861788810217
3996861586781906
3996861519599634
3996861494712527
3996861255474873
3996861246917330
3996861142144847
3996861126266658
3996861121063182
3996861108478107
3996861100087795
3996861095892839
3996861092640230
3996861088437764
3996861088437176
3996861088436452
3996861088434646
3996861084236522
3996861084034915
3996861084031362
3996861084030999
3996861083937922
3996861083937640
3996861083937424
3996861083638598
3996861083307190
3996861083307043
3996861083306939
3996861083306824
3996861083306741
3996861083306713
3996861080035359
3996860937462100
3996860908051567
3996860832140393
3996860672677331
3996860537941664
3996862841670425
3996862727938114
3996862228830145
3996862086527158
3996859112332048
3996863177198100
3996863156069058
3996863113741749
3996863110245186
3996863096433201
3996863059119192
3996862602390123
3996862593512819
3996862475996748
3996862464201776
3996862430440255
3996862375703147
3996862350884354
3996862341577186
3996862325167145
3996862266594198
3996861877189268
3996863600913995
3996864355209102
3996864342378191
3996864309225573
3996864292952126
3996864242441165
3996864120036664
3996864104213527
3996864099061785
3996863986342962
3996863906933645
3996863835265390
3996863730352568
3996863729891462
3996863613124589
3996863600916821
3996863600914484
3996863600520690
3996863524979226
3996863499800002
3996863381697945
3996863328410053
3996863314576901
3996865621638607
3996865383044212
3996865198033033
3996865076576115
3996864971391458
3996864858122147
3996864796420837
3996865828169409
3996865693720437
3996865600692250
3996865588362615
3996865546453866
3996865533863682
3996865291276798
3996865173204793
3996865110252011
3996865064716366
3996865018515969
3996865017816105
3996864858709917
3996864858322217
3996864783039041
3996864548891948
3996867090082995
3996867077311235
3996866846352967
3996866734110201
3996866485780248
3996866133993802
3996866104586364
3996865878313227
3996867073588038
3996866985397947
3996866829693989
3996866783526658
3996866775596752
3996866724767912
3996866716372457
3996866686939194
3996866515371916
3996866469204004
3996866448220303
3996866368739591
3996866221614293
3996866187721682
3996866179331401
3996866171247104
3996866116404168
3996866066315766
3996865970040051
3996865919232074
3996868336084085
3996868063747853
3996867631450301
3996867601816818
3996867576211231
3996867471724399
3996868524205740
3996868474199820
3996868382437434
3996868332037919
3996868130339726
3996868059546732
3996868000589769
3996867589225599
3996867581206275
3996867324334052
3996869753428120
3996869334213868
3996869191327143
3996869178737583
3996869086400120
3996869048256718
3996868851646812
3996868755361849
3996868700559251
3996868637954471
3996868637136463
3996868550181318
3996869807823236
3996869783250603
3996869677704837
3996869593758577
3996869459920203
3996869396969627
3996869388831322
3996869161951370
3996869136769677
3996868939480400
3996868893789992
3996868889994024
3996868889593386
3996868889589605
3996868889417820
3996868885389775
3996868885220921
3996868884914037
3996868876986040
3996868822272113
3996868800746107
3996868743169502
3996868725234514
3996868704258831
3996868692165349
3996868687478613
3996868679575446
3996868671180454
3996868666502996
3996868642569388
3996868642569197
3996868642156896
3996868642153628
3996868642152834
3996868642062861
3996868641714704
3996868638369533
3996868637954471
3996868637954380
3996868637867650
3996868637867597
3996868637866949
3996868637518076
3996868637517973
3996868637517517
3996868637517211
3996868637516915
3996868637516506
3996868637136787
3996868637136735
3996868637136651
3996868637136638
3996868632941559
3996868587157814
3996868540993196
3996870793676906
3996870663101869
3996870378467984
3996870265488667
3996870252571145
3996869955123667
3996871192099281
3996871166728296
3996871154322434
3996871150774675
3996871149937263
3996871061994403
3996871040811618
3996871032618771
3996871007234266
3996870899027420
3996870839611079
3996870798226815
3996870604371262
3996870588040636
3996870503689183
3996870374271075
3996870260629497
3996870156046277
3996870114080760
3996869984270863
3996869925715237
3996869921297343
3996869920571126
3996869917100642
3996869904707612
3996869879326786
3996872449955580
3996872248798377
3996871897126571
3996871431702934
3996872467131929
3996872458345889
3996872408371476
3996872408286390
3996872408003353
3996872403808785
3996872274339375
3996872182231739
3996872114491923
3996872038832839
3996872005271929
3996871993043541
3996871954930471
3996871938609954
3996871922331111
3996871904589108
3996871825990128
3996871799988664
3996871737517047
3996871720990787
3996871720245184
3996871699029794
3996871640297836
3996871465023273
3996871451518339
3996871389095772
3996871376006000
3996871351154286
3996871325968549
