3996372930150130
3996372555903680
3996371322978034
3996371202168696
3996370861848528
3996370848871808
3996370476212096
3996369952053892
3996369427573358
3996369150939847
3996369137955162
3996369120870647
3996368127404426
3996367837491156
3996367804886974
3996367786963995
3996367526843036
3996366969687384
3996366819104051
3996366537313706
3996366428815664
3996366314859257
3996365498026083
3996365417268123
3996365124520459
3996364948328478
3996363815914484
3996363572777069
3996363555972119
3996363434404939
3996363378721024
3996363374797479
3996363282222052
3996363257048435
3996362300971607
3996362296776746
3996362138397408
3996361114377907
3996360783602853
3996360535378535
3996359781086904
3996359621436915
3996359541871080
3996358681200321
3996358530883769
3996357360973124
3996357348358529
3996357235174146
3996357188080560
3996357159426117
3996356252723364
3996355569105015
3996355116860529
3996354864246822
3996354827695991
3996353783029372
3996353425681914
3996353296502787
3996372930150130
3996372555903680
3996371322978034
3996371202168696
3996370861848528
3996370848871808
3996370476212096
3996369952053892
3996369427573358
3996369150939847
3996369137955162
3996369120870647
3996368127404426
3996367837491156
3996367804886974
3996367786963995
3996367526843036
3996366969687384
3996366819104051
3996366537313706
3996366428815664
3996366314859257
3996365498026083
3996365417268123
3996365124520459
3996364948328478
3996363815914484
3996363572777069
3996363555972119
3996363434404939
3996363378721024
3996363374797479
3996363282222052
3996363257048435
3996362300971607
3996362296776746
3996362138397408
3996361114377907
3996360783602853
3996360535378535
3996359781086904
3996359621436915
3996359541871080
3996358681200321
3996358530883769
3996357360973124
3996357348358529
3996357235174146
3996357188080560
3996357159426117
3996356252723364
3996355569105015
3996355116860529
3996354864246822
3996354827695991
3996353783029372
3996353425681914
3996353296502787
3996374184123573
3996373894045930
3996373609818832
3996373588301415
3996372930150130
3996372555903680
3996371322978034
3996371202168696
3996370861848528
3996370848871808
3996370476212096
3996369952053892
3996369427573358
3996369150939847
3996369137955162
3996369120870647
3996368127404426
3996367837491156
3996367804886974
3996367786963995
3996367526843036
3996366969687384
3996366819104051
3996366537313706
3996366428815664
3996366314859257
3996365498026083
3996365417268123
3996365124520459
3996364948328478
3996363815914484
3996363572777069
3996363555972119
3996363434404939
3996363378721024
3996363374797479
3996363282222052
3996363257048435
3996362300971607
3996362296776746
3996362138397408
3996361114377907
3996360783602853
3996360535378535
3996359781086904
3996359621436915
3996359541871080
3996358681200321
3996357360973124
3996357348358529
3996357235174146
3996357188080560
3996357159426117
3996356252723364
3996355569105015
3996355116860529
3996354864246822
3996354827695991
3996353783029372
3996372930150130
3996372555903680
3996371322978034
3996371202168696
3996370861848528
3996370848871808
3996370476212096
3996369952053892
3996369427573358
3996369150939847
3996369137955162
3996369120870647
3996368127404426
3996367837491156
3996367804886974
3996367786963995
3996367526843036
3996366969687384
3996366819104051
3996366537313706
3996366428815664
3996366314859257
3996365498026083
3996365417268123
3996365124520459
3996364948328478
3996363815914484
3996363572777069
3996363555972119
3996363434404939
3996363378721024
3996363374797479
3996363282222052
3996363257048435
3996362300971607
3996362296776746
3996362138397408
3996361114377907
3996360783602853
3996360535378535
3996359781086904
3996359621436915
3996359541871080
3996358681200321
3996358530883769
3996357360973124
3996357348358529
3996357235174146
3996357188080560
3996357159426117
3996356252723364
3996355569105015
3996355116860529
3996354864246822
3996354827695991
3996353783029372
3996353425681914
3996353296502787
3996374184123573
3996373894045930
3996373609818832
3996373588301415
3996372930150130
3996372555903680
3996371322978034
3996371202168696
3996370861848528
3996370848871808
3996370476212096
3996369952053892
3996369427573358
3996369150939847
3996369137955162
3996369120870647
3996368127404426
3996367837491156
3996367804886974
3996367786963995
3996367526843036
3996366969687384
3996366819104051
3996366537313706
3996366428815664
3996366314859257
3996365498026083
3996365417268123
3996365124520459
3996364948328478
3996363815914484
3996363572777069
3996363555972119
3996363434404939
3996363378721024
3996363374797479
3996363282222052
3996363257048435
3996362300971607
3996362296776746
3996362138397408
3996361114377907
3996360783602853
3996360535378535
3996359781086904
3996359621436915
3996359541871080
3996358681200321
3996357360973124
3996357348358529
3996357235174146
3996357188080560
3996357159426117
3996356252723364
3996355569105015
3996355116860529
3996354864246822
3996354827695991
3996353783029372
3996375446701993
3996375391873561
3996374766383750
3996374674083440
3996374368265343
3996374184123573
3996373894045930
3996373609818832
3996373588301415
3996372930150130
3996372555903680
3996371322978034
3996371202168696
3996370861848528
3996370848871808
3996370476212096
3996369952053892
3996369427573358
3996369150939847
3996369137955162
3996369120870647
3996368127404426
3996367837491156
3996367804886974
3996367786963995
3996367526843036
3996366969687384
3996366819104051
3996366537313706
3996366428815664
3996366314859257
3996365498026083
3996365417268123
3996365124520459
3996364948328478
3996363815914484
3996363572777069
3996363555972119
3996363434404939
3996363378721024
3996363374797479
3996363282222052
3996363257048435
3996362300971607
3996362296776746
3996362138397408
3996361114377907
3996360783602853
3996360535378535
3996359621436915
3996359541871080
3996358681200321
3996357360973124
3996357348358529
3996357235174146
3996357188080560
3996357159426117
3996356252723364
3996355569105015
3996376424072724
3996376305595770
3996376293296442
3996376133580179
3996376084485306
3996375937302877
3996375916297135
3996375899485478
3996375824213599
3996375731077469
3996375681507464
3996375630385397
3996375597844788
3996375479348364
3996375467456988
3996375424807636
3996375396410179
3996375383139836
3996375383138932
3996375378656515
3996375378656388
3996375378656346
3996375283058824
3996375199007124
3996375039843413
3996374967920635
3996374955788321
3996374930004763
3996374846097155
3996374669887863
3996374657301490
3996374636324200
3996374616359472
3996374540986305
3996374531437425
3996374465353106
3996374418160427
3996374305956118
3996374125536671
3996374124867991
3996374120282514
3996374091934268
3996374078987960
3996373987151883
3996373869770978
3996373865278570
3996373680666469
3996373630511586
3996373513180236
3996373337239639
3996373026816717
3996373017406156
3996372983842405
3996372938153526
3996372904127711
3996372862172882
3996372854760436
3996372791724926
3996376424072724
3996376305595770
3996376293296442
3996376133580179
3996376084485306
3996375937302877
3996375916297135
3996375899485478
3996375824213599
3996375731077469
3996375681507464
3996375630385397
3996375597844788
3996375479348364
3996375467456988
3996375424807636
3996375396410179
3996375383139836
3996375383138932
3996375378656515
3996375378656388
3996375378656346
3996375283058824
3996375199007124
3996375039843413
3996374967920635
3996374955788321
3996374930004763
3996374846097155
3996374669887863
3996374657301490
3996374636324200
3996374616359472
3996374540986305
3996374531437425
3996374465353106
3996374418160427
3996374305956118
3996374125536671
3996374124867991
3996374120282514
3996374091934268
3996374078987960
3996373987151883
3996373869770978
3996373865278570
3996373680666469
3996373630511586
3996373513180236
3996373337239639
3996373026816717
3996373017406156
3996372983842405
3996372938153526
3996372904127711
3996372862172882
3996372854760436
3996372791724926
3996377782705555
3996377774805791
3995431543797632
3996377715741263
3996377673723061
3996377643691449
3996377543000541
3996377388753861
3996377380074487
3996377375529800
3996377149746638
3996376955633409
3996376642310669
3996376537258060
3996376519565747
3996376424072724
3996376305595770
3996376293296442
3996376133580179
3996375937302877
3996375916297135
3996375899485478
3996375824213599
3996375731077469
3996375681507464
3996375630385397
3996375597844788
3996375479348364
3996375467456988
3996375424807636
3996375396410179
3996375383139836
3996375383138932
3996375378656515
3996375378656388
3996375378656346
3996375283058824
3996375199007124
3996375039843413
3996374967920635
3996374955788321
3996374930004763
3996374846097155
3996374669887863
3996374657301490
3996374636324200
3996374616359472
3996374540986305
3996374531437425
3996374465353106
3996374418160427
3996374305956118
3996374125536671
3996374124867991
3996374120282514
3996374091934268
3996374078987960
3996373987151883
3996373869770978
3996373865278570
3996376424072724
3996376305595770
3996376293296442
3996376133580179
3996376084485306
3996375937302877
3996375916297135
3996375899485478
3996375824213599
3996375731077469
3996375681507464
3996375630385397
3996375597844788
3996375479348364
3996375467456988
3996375424807636
3996375396410179
3996375383139836
3996375383138932
3996375378656515
3996375378656388
3996375378656346
3996375283058824
3996375199007124
3996375039843413
3996374967920635
3996374955788321
3996374930004763
3996374846097155
3996374669887863
3996374657301490
3996374636324200
3996374616359472
3996374540986305
3996374531437425
3996374465353106
3996374418160427
3996374305956118
3996374125536671
3996374124867991
3996374120282514
3996374091934268
3996374078987960
3996373987151883
3996373869770978
3996373865278570
3996373680666469
3996373630511586
3996373513180236
3996373337239639
3996373026816717
3996373017406156
3996372983842405
3996372938153526
3996372904127711
3996372862172882
3996372854760436
3996372791724926
3996377782705555
3996377774805791
3995431543797632
3996377715741263
3996377673723061
3996377643691449
3996377543000541
3996377388753861
3996377380074487
3996377375529800
3996377149746638
3996376955633409
3996376642310669
3996376537258060
3996376519565747
3996376424072724
3996376305595770
3996376293296442
3996376133580179
3996375937302877
3996375916297135
3996375899485478
3996375824213599
3996375731077469
3996375681507464
3996375630385397
3996375597844788
3996375479348364
3996375467456988
3996375424807636
3996375396410179
3996375383139836
3996375383138932
3996375378656515
3996375378656388
3996375378656346
3996375283058824
3996375199007124
3996375039843413
3996374967920635
3996374955788321
3996374930004763
3996374846097155
3996374669887863
3996374657301490
3996374636324200
3996374616359472
3996374540986305
3996374531437425
3996374465353106
3996374418160427
3996374305956118
3996374125536671
3996374124867991
3996374120282514
3996374091934268
3996374078987960
3996373987151883
3996373869770978
3996373865278570
3996379006688167
3996378906865548
3996114879858311
3996378885861646
3996378772823788
3996378768626140
3996378747234150
3996378630229699
3996378457347039
3996378428181996
3996378412260441
3996378408055727
3996378398610701
3996378286454948
3996378169048571
3996378146884538
3996378146884389
3996378134650746
3996373361170083
3996378025216753
3996377928721145
3996377920842275
3996377900594259
3996377900592288
3996377900592265
3996377900363896
3996377900360453
3996377900359941
3996377900359755
3996377895156694
3996377782705555
3996377774805791
3996377715741263
3996377673723061
3996377643691449
3996377543000541
3996377388753861
3996377380074487
3996377375529800
3996377149746638
3996376955633409
3996376642310669
3996376537258060
3996376519565747
3996376424072724
3996376305595770
3996376293296442
3996376133580179
3996375937302877
3996375916297135
3996375899485478
3996375824213599
3996375731077469
3996375681507464
3996375630385397
3996375597844788
3996375479348364
3996375467456988
3996375424807636
3996375396410179
3996375383139836
3996375383138932
3996375378656515
3996376424072724
3996376305595770
3996376293296442
3996376133580179
3996376084485306
3996375937302877
3996375916297135
3996375899485478
3996375824213599
3996375731077469
3996375681507464
3996375630385397
3996375597844788
3996375479348364
3996375467456988
3996375424807636
3996375396410179
3996375383139836
3996375383138932
3996375378656515
3996375378656388
3996375378656346
3996375283058824
3996375199007124
3996375039843413
3996374967920635
3996374955788321
3996374930004763
3996374846097155
3996374669887863
3996374657301490
3996374636324200
3996374616359472
3996374540986305
3996374531437425
3996374465353106
3996374418160427
3996374305956118
3996374125536671
3996374124867991
3996374120282514
3996374091934268
3996374078987960
3996373987151883
3996373869770978
3996373865278570
3996373680666469
3996373630511586
3996373513180236
3996373337239639
3996373026816717
3996373017406156
3996372983842405
3996372938153526
3996372904127711
3996372862172882
3996372854760436
3996372791724926
3996377782705555
3996377774805791
3995431543797632
3996377715741263
3996377673723061
3996377643691449
3996377543000541
3996377388753861
3996377380074487
3996377375529800
3996377149746638
3996376955633409
3996376642310669
3996376537258060
3996376519565747
3996376424072724
3996376305595770
3996376293296442
3996376133580179
3996375937302877
3996375916297135
3996375899485478
3996375824213599
3996375731077469
3996375681507464
3996375630385397
3996375597844788
3996375479348364
3996375467456988
3996375424807636
3996375396410179
3996375383139836
3996375383138932
3996375378656515
3996375378656388
3996375378656346
3996375283058824
3996375199007124
3996375039843413
3996374967920635
3996374955788321
3996374930004763
3996374846097155
3996374669887863
3996374657301490
3996374636324200
3996374616359472
3996374540986305
3996374531437425
3996374465353106
3996374418160427
3996374305956118
3996374125536671
3996374124867991
3996374120282514
3996374091934268
3996374078987960
3996373987151883
3996373869770978
3996373865278570
3996379006688167
3996378906865548
3996114879858311
3996378885861646
3996378772823788
3996378768626140
3996378747234150
3996378630229699
3996378457347039
3996378428181996
3996378412260441
3996378408055727
3996378398610701
3996378286454948
3996378169048571
3996378146884538
3996378146884389
3996378134650746
3996373361170083
3996378025216753
3996377928721145
3996377920842275
3996377900594259
3996377900592288
3996377900592265
3996377900363896
3996377900360453
3996377900359941
3996377900359755
3996377895156694
3996377782705555
3996377774805791
3996377715741263
3996377673723061
3996377643691449
3996377543000541
3996377388753861
3996377380074487
3996377375529800
3996377149746638
3996376955633409
3996376642310669
3996376537258060
3996376519565747
3996376424072724
3996376305595770
3996376293296442
3996376133580179
3996375937302877
3996375916297135
3996375899485478
3996375824213599
3996375731077469
3996375681507464
3996375630385397
3996375597844788
3996375479348364
3996375467456988
3996375424807636
3996375396410179
3996375383139836
3996375383138932
3996375378656515
3996380219205244
3996380000753797
3996379951387535
3996379942018043
3996379930475909
3996379913665135
3996379863508482
3996379845521746
3996379729328667
3996379728943752
3996379656986805
3996379632703154
3996379381110648
3996379329738244
3996379305728376
3996379276318706
3996379188056368
3996379158900747
3996379158480223
3996379157905135
3996379095867561
3996379006688167
3996378906865548
3996378885861646
3996378772823788
3996378768626140
3996378747234150
3996378630229699
3996378457347039
3996378428181996
3996378412260441
3996378408055727
3996378398610701
3996378286454948
3996378169048571
3996378146884538
3996378146884389
3996378134650746
3996378025216753
3996377928721145
3996377920842275
3996377900594259
3996377900592288
3996377900592265
3996377900363896
3996377900360453
3996377900359941
3996376536347333
3996377900359755
3996377895156694
3996377782705555
3996377774805791
3996377715741263
3996377673723061
3996377643691449
3996377543000541
3996377388753861
3996377380074487
3996377375529800
3996377149746638
3996376955633409
3996376424072724
3996376305595770
3996376293296442
3996376133580179
3996376084485306
3996375937302877
3996375916297135
3996375899485478
3996375824213599
3996375731077469
3996375681507464
3996375630385397
3996375597844788
3996375479348364
3996375467456988
3996375424807636
3996375396410179
3996375383139836
3996375383138932
3996375378656515
3996375378656388
3996375378656346
3996375283058824
3996375199007124
3996375039843413
3996374967920635
3996374955788321
3996374930004763
3996374846097155
3996374669887863
3996374657301490
3996374636324200
3996374616359472
3996374540986305
3996374531437425
3996374465353106
3996374418160427
3996374305956118
3996374125536671
3996374124867991
3996374120282514
3996374091934268
3996374078987960
3996373987151883
3996373869770978
3996373865278570
3996373680666469
3996373630511586
3996373513180236
3996373337239639
3996373026816717
3996373017406156
3996372983842405
3996372938153526
3996372904127711
3996372862172882
3996372854760436
3996372791724926
3996377782705555
3996377774805791
3995431543797632
3996377715741263
3996377673723061
3996377643691449
3996377543000541
3996377388753861
3996377380074487
3996377375529800
3996377149746638
3996376955633409
3996376642310669
3996376537258060
3996376519565747
3996376424072724
3996376305595770
3996376293296442
3996376133580179
3996375937302877
3996375916297135
3996375899485478
3996375824213599
3996375731077469
3996375681507464
3996375630385397
3996375597844788
3996375479348364
3996375467456988
3996375424807636
3996375396410179
3996375383139836
3996375383138932
3996375378656515
3996375378656388
3996375378656346
3996375283058824
3996375199007124
3996375039843413
3996374967920635
3996374955788321
3996374930004763
3996374846097155
3996374669887863
3996374657301490
3996374636324200
3996374616359472
3996374540986305
3996374531437425
3996374465353106
3996374418160427
3996374305956118
3996374125536671
3996374124867991
3996374120282514
3996374091934268
3996374078987960
3996373987151883
3996373869770978
3996373865278570
3996379006688167
3996378906865548
3996114879858311
3996378885861646
3996378772823788
3996378768626140
3996378747234150
3996378630229699
3996378457347039
3996378428181996
3996378412260441
3996378408055727
3996378398610701
3996378286454948
3996378169048571
3996378146884538
3996378146884389
3996378134650746
3996373361170083
3996378025216753
3996377928721145
3996377920842275
3996377900594259
3996377900592288
3996377900592265
3996377900363896
3996377900360453
3996377900359941
3996377900359755
3996377895156694
3996377782705555
3996377774805791
3996377715741263
3996377673723061
3996377643691449
3996377543000541
3996377388753861
3996377380074487
3996377375529800
3996377149746638
3996376955633409
3996376642310669
3996376537258060
3996376519565747
3996376424072724
3996376305595770
3996376293296442
3996376133580179
3996375937302877
3996375916297135
3996375899485478
3996375824213599
3996375731077469
3996375681507464
3996375630385397
3996375597844788
3996375479348364
3996375467456988
3996375424807636
3996375396410179
3996375383139836
3996375383138932
3996375378656515
3996380219205244
3996380000753797
3996379951387535
3996379942018043
3996379930475909
3996379913665135
3996379863508482
3996379845521746
3996379729328667
3996379728943752
3996379656986805
3996379632703154
3996379381110648
3996379329738244
3996379305728376
3996379276318706
3996379188056368
3996379158900747
3996379158480223
3996379157905135
3996379095867561
3996379006688167
3996378906865548
3996378885861646
3996378772823788
3996378768626140
3996378747234150
3996378630229699
3996378457347039
3996378428181996
3996378412260441
3996378408055727
3996378398610701
3996378286454948
3996378169048571
3996378146884538
3996378146884389
3996378134650746
3996378025216753
3996377928721145
3996377920842275
3996377900594259
3996377900592288
3996377900592265
3996377900363896
3996377900360453
3996377900359941
3996376536347333
3996377900359755
3996377895156694
3996377782705555
3996377774805791
3996377715741263
3996377673723061
3996377643691449
3996377543000541
3996377388753861
3996377380074487
3996377375529800
3996377149746638
3996376955633409
3996381448580894
3996381268135335
3996381180205047
3996381172082849
3996381159476746
3996380907899758
3996380857170736
3996380856605069
3996380639522759
3996380562944139
3996380550964607
3996380512599003
3996380495817305
3996380483230798
3996380437081362
3996380417078971
3996380219205244
3996380000753797
3996379951387535
3996379942018043
3996379930475909
3996379913665135
3996379863508482
3996379845521746
3996379729328667
3996379728943752
3996379656986805
3996379632703154
3996379381110648
3996379329738244
3996379305728376
3996379276318706
3994653710029346
3996379188056368
3996379158900747
3996379158480223
3996379157905135
3996379095867561
3996379006688167
3996378906865548
3996378885861646
3996378772823788
3996378768626140
3996378747234150
3996378630229699
3996378457347039
3996378428181996
3996378412260441
3996378408055727
3996378398610701
3996378286454948
3996378169048571
3996378146884538
3996378146884389
3996378134650746
3996378025216753
3996377928721145
3996377920842275
3996377900594259
3996377900592288
3996377900592265
3996376424072724
3996376305595770
3996376293296442
3996376133580179
3996376084485306
3996375937302877
3996375916297135
3996375899485478
3996375824213599
3996375731077469
3996375681507464
3996375630385397
3996375597844788
3996375479348364
3996375467456988
3996375424807636
3996375396410179
3996375383139836
3996375383138932
3996375378656515
3996375378656388
3996375378656346
3996375283058824
3996375199007124
3996375039843413
3996374967920635
3996374955788321
3996374930004763
3996374846097155
3996374669887863
3996374657301490
3996374636324200
3996374616359472
3996374540986305
3996374531437425
3996374465353106
3996374418160427
3996374305956118
3996374125536671
3996374124867991
3996374120282514
3996374091934268
3996374078987960
3996373987151883
3996373869770978
3996373865278570
3996373680666469
3996373630511586
3996373513180236
3996373337239639
3996373026816717
3996373017406156
3996372983842405
3996372938153526
3996372904127711
3996372862172882
3996372854760436
3996372791724926
3996377782705555
3996377774805791
3995431543797632
3996377715741263
3996377673723061
3996377643691449
3996377543000541
3996377388753861
3996377380074487
3996377375529800
3996377149746638
3996376955633409
3996376642310669
3996376537258060
3996376519565747
3996376424072724
3996376305595770
3996376293296442
3996376133580179
3996375937302877
3996375916297135
3996375899485478
3996375824213599
3996375731077469
3996375681507464
3996375630385397
3996375597844788
3996375479348364
3996375467456988
3996375424807636
3996375396410179
3996375383139836
3996375383138932
3996375378656515
3996375378656388
3996375378656346
3996375283058824
3996375199007124
3996375039843413
3996374967920635
3996374955788321
3996374930004763
3996374846097155
3996374669887863
3996374657301490
3996374636324200
3996374616359472
3996374540986305
3996374531437425
3996374465353106
3996374418160427
3996374305956118
3996374125536671
3996374124867991
3996374120282514
3996374091934268
3996374078987960
3996373987151883
3996373869770978
3996373865278570
3996379006688167
3996378906865548
3996114879858311
3996378885861646
3996378772823788
3996378768626140
3996378747234150
3996378630229699
3996378457347039
3996378428181996
3996378412260441
3996378408055727
3996378398610701
3996378286454948
3996378169048571
3996378146884538
3996378146884389
3996378134650746
3996373361170083
3996378025216753
3996377928721145
3996377920842275
3996377900594259
3996377900592288
3996377900592265
3996377900363896
3996377900360453
3996377900359941
3996377900359755
3996377895156694
3996377782705555
3996377774805791
3996377715741263
3996377673723061
3996377643691449
3996377543000541
3996377388753861
3996377380074487
3996377375529800
3996377149746638
3996376955633409
3996376642310669
3996376537258060
3996376519565747
3996376424072724
3996376305595770
3996376293296442
3996376133580179
3996375937302877
3996375916297135
3996375899485478
3996375824213599
3996375731077469
3996375681507464
3996375630385397
3996375597844788
3996375479348364
3996375467456988
3996375424807636
3996375396410179
3996375383139836
3996375383138932
3996375378656515
3996380219205244
3996380000753797
3996379951387535
3996379942018043
3996379930475909
3996379913665135
3996379863508482
3996379845521746
3996379729328667
3996379728943752
3996379656986805
3996379632703154
3996379381110648
3996379329738244
3996379305728376
3996379276318706
3996379188056368
3996379158900747
3996379158480223
3996379157905135
3996379095867561
3996379006688167
3996378906865548
3996378885861646
3996378772823788
3996378768626140
3996378747234150
3996378630229699
3996378457347039
3996378428181996
3996378412260441
3996378408055727
3996378398610701
3996378286454948
3996378169048571
3996378146884538
3996378146884389
3996378134650746
3996378025216753
3996377928721145
3996377920842275
3996377900594259
3996377900592288
3996377900592265
3996377900363896
3996377900360453
3996377900359941
3996376536347333
3996377900359755
3996377895156694
3996377782705555
3996377774805791
3996377715741263
3996377673723061
3996377643691449
3996377543000541
3996377388753861
3996377380074487
3996377375529800
3996377149746638
3996376955633409
3996381448580894
3996381268135335
3996381180205047
3996381172082849
3996381159476746
3996380907899758
3996380857170736
3996380856605069
3996380639522759
3996380562944139
3996380550964607
3996380512599003
3996380495817305
3996380483230798
3996380437081362
3996380417078971
3996380219205244
3996380000753797
3996379951387535
3996379942018043
3996379930475909
3996379913665135
3996379863508482
3996379845521746
3996379729328667
3996379728943752
3996379656986805
3996379632703154
3996379381110648
3996379329738244
3996379305728376
3996379276318706
3994653710029346
3996379188056368
3996379158900747
3996379158480223
3996379157905135
3996379095867561
3996379006688167
3996378906865548
3996378885861646
3996378772823788
3996378768626140
3996378747234150
3996378630229699
3996378457347039
3996378428181996
3996378412260441
3996378408055727
3996378398610701
3996378286454948
3996378169048571
3996378146884538
3996378146884389
3996378134650746
3996378025216753
3996377928721145
3996377920842275
3996377900594259
3996377900592288
3996377900592265
3996382874578957
3996382619000670
3996382555571450
3996382455634683
3996382097946305
3996382065205708
3996381959497029
3996381951106132
3996381935195357
3996381926280191
3996381858806715
3996381830651401
3996381829438633
3996381809642595
3996381792832894
3996381742042405
3996381695184216
3996381679628328
3996381679628276
3996381679388022
3996381675428853
3996381675187388
3996381674730247
3996381674469658
3996381448580894
3996381268135335
3996381180205047
3996381172082849
3996381159476746
3996380907899758
3996380857170736
3996380856605069
3996380639522759
3996380562944139
3996380550964607
3996380512599003
3996380495817305
3996380483230798
3996380437081362
3996380417078971
3996380219205244
3996380000753797
3996379951387535
3996379942018043
3996379930475909
3996379913665135
3996379863508482
3996379845521746
3996379729328667
3996379728943752
3996379656986805
3996379632703154
3996379381110648
3996379329738244
3996379305728376
3996379276318706
3996379188056368
3996379158900747
3996379158480223
3996379157905135
3996376424072724
3996376305595770
3996376293296442
3996376133580179
3996376084485306
3996375937302877
3996375916297135
3996375899485478
3996375824213599
3996375731077469
3996375681507464
3996375630385397
3996375597844788
3996375479348364
3996375467456988
3996375424807636
3996375396410179
3996375383139836
3996375383138932
3996375378656515
3996375378656388
3996375378656346
3996375283058824
3996375199007124
3996375039843413
3996374967920635
3996374955788321
3996374930004763
3996374846097155
3996374669887863
3996374657301490
3996374636324200
3996374616359472
3996374540986305
3996374531437425
3996374465353106
3996374418160427
3996374305956118
3996374125536671
3996374124867991
3996374120282514
3996374091934268
3996374078987960
3996373987151883
3996373869770978
3996373865278570
3996373680666469
3996373630511586
3996373513180236
3996373337239639
3996373026816717
3996373017406156
3996372983842405
3996372938153526
3996372904127711
3996372862172882
3996372854760436
3996372791724926
3996377782705555
3996377774805791
3995431543797632
3996377715741263
3996377673723061
3996377643691449
3996377543000541
3996377388753861
3996377380074487
3996377375529800
3996377149746638
3996376955633409
3996376642310669
3996376537258060
3996376519565747
3996376424072724
3996376305595770
3996376293296442
3996376133580179
3996375937302877
3996375916297135
3996375899485478
3996375824213599
3996375731077469
3996375681507464
3996375630385397
3996375597844788
3996375479348364
3996375467456988
3996375424807636
3996375396410179
3996375383139836
3996375383138932
3996375378656515
3996375378656388
3996375378656346
3996375283058824
3996375199007124
3996375039843413
3996374967920635
3996374955788321
3996374930004763
3996374846097155
3996374669887863
3996374657301490
3996374636324200
3996374616359472
3996374540986305
3996374531437425
3996374465353106
3996374418160427
3996374305956118
3996374125536671
3996374124867991
3996374120282514
3996374091934268
3996374078987960
3996373987151883
3996373869770978
3996373865278570
3996379006688167
3996378906865548
3996114879858311
3996378885861646
3996378772823788
3996378768626140
3996378747234150
3996378630229699
3996378457347039
3996378428181996
3996378412260441
3996378408055727
3996378398610701
3996378286454948
3996378169048571
3996378146884538
3996378146884389
3996378134650746
3996373361170083
3996378025216753
3996377928721145
3996377920842275
3996377900594259
3996377900592288
3996377900592265
3996377900363896
3996377900360453
3996377900359941
3996377900359755
3996377895156694
3996377782705555
3996377774805791
3996377715741263
3996377673723061
3996377643691449
3996377543000541
3996377388753861
3996377380074487
3996377375529800
3996377149746638
3996376955633409
3996376642310669
3996376537258060
3996376519565747
3996376424072724
3996376305595770
3996376293296442
3996376133580179
3996375937302877
3996375916297135
3996375899485478
3996375824213599
3996375731077469
3996375681507464
3996375630385397
3996375597844788
3996375479348364
3996375467456988
3996375424807636
3996375396410179
3996375383139836
3996375383138932
3996375378656515
3996380219205244
3996380000753797
3996379951387535
3996379942018043
3996379930475909
3996379913665135
3996379863508482
3996379845521746
3996379729328667
3996379728943752
3996379656986805
3996379632703154
3996379381110648
3996379329738244
3996379305728376
3996379276318706
3996379188056368
3996379158900747
3996379158480223
3996379157905135
3996379095867561
3996379006688167
3996378906865548
3996378885861646
3996378772823788
3996378768626140
3996378747234150
3996378630229699
3996378457347039
3996378428181996
3996378412260441
3996378408055727
3996378398610701
3996378286454948
3996378169048571
3996378146884538
3996378146884389
3996378134650746
3996378025216753
3996377928721145
3996377920842275
3996377900594259
3996377900592288
3996377900592265
3996377900363896
3996377900360453
3996377900359941
3996376536347333
3996377900359755
3996377895156694
3996377782705555
3996377774805791
3996377715741263
3996377673723061
3996377643691449
3996377543000541
3996377388753861
3996377380074487
3996377375529800
3996377149746638
3996376955633409
3996381448580894
3996381268135335
3996381180205047
3996381172082849
3996381159476746
3996380907899758
3996380857170736
3996380856605069
3996380639522759
3996380562944139
3996380550964607
3996380512599003
3996380495817305
3996380483230798
3996380437081362
3996380417078971
3996380219205244
3996380000753797
3996379951387535
3996379942018043
3996379930475909
3996379913665135
3996379863508482
3996379845521746
3996379729328667
3996379728943752
3996379656986805
3996379632703154
3996379381110648
3996379329738244
3996379305728376
3996379276318706
3994653710029346
3996379188056368
3996379158900747
3996379158480223
3996379157905135
3996379095867561
3996379006688167
3996378906865548
3996378885861646
3996378772823788
3996378768626140
3996378747234150
3996378630229699
3996378457347039
3996378428181996
3996378412260441
3996378408055727
3996378398610701
3996378286454948
3996378169048571
3996378146884538
3996378146884389
3996378134650746
3996378025216753
3996377928721145
3996377920842275
3996377900594259
3996377900592288
3996377900592265
3996382874578957
3996382619000670
3996382555571450
3996382455634683
3996382097946305
3996382065205708
3996381959497029
3996381951106132
3996381935195357
3996381926280191
3996381858806715
3996381830651401
3996381829438633
3996381809642595
3996381792832894
3996381742042405
3996381695184216
3996381679628328
3996381679628276
3996381679388022
3996381675428853
3996381675187388
3996381674730247
3996381674469658
3996381448580894
3996381268135335
3996381180205047
3996381172082849
3996381159476746
3996380907899758
3996380857170736
3996380856605069
3996380639522759
3996380562944139
3996380550964607
3996380512599003
3996380495817305
3996380483230798
3996380437081362
3996380417078971
3996380219205244
3996380000753797
3996379951387535
3996379942018043
3996379930475909
3996379913665135
3996379863508482
3996379845521746
3996379729328667
3996379728943752
3996379656986805
3996379632703154
3996379381110648
3996379329738244
3996379305728376
3996379276318706
3996379188056368
3996379158900747
3996379158480223
3996379157905135
3996384192044449
3996384099608870
3996379451408660
3996384066263834
3996383935027452
3996383743262262
3996383692839170
3996383431836525
3996383344424383
3996383193421223
3996383092833366
3996383066832804
3996382966141356
3996382966141267
3996382932577635
3996382928382545
3996382874578957
3996382619000670
3996382555571450
3996382455634683
3996382097946305
3996382065205708
3996381959497029
3996381951106132
3996381935195357
3996381926280191
3996381858806715
3996381830651401
3996381829438633
3996381809642595
3996381792832894
3996381742042405
3996381695184216
3996381679628328
3996381679628276
3996381679388022
3996381675428853
3996381675187388
3996381674730247
3996381674469658
3996381448580894
3996381268135335
3996381180205047
3996381172082849
3996381159476746
3996380907899758
3996380857170736
3996380856605069
3996380639522759
3996380562944139
3996380550964607
3996380512599003
3996380495817305
3996380483230798
3996380437081362
3996380417078971
3996380219205244
3996380000753797
3996379951387535
3996379942018043
3996379930475909
3996379913665135
3996384941667483
3996384832586881
3996384636650617
3996384589734059
3996384464236949
3996384443623880
3996384443620272
3996384325838634
3996384325202013
3996384216847006
3996384192044449
3996384099608870
3996384066263834
3996383935027452
3996383743262262
3996383692839170
3996383431836525
3996355255226775
3996383344424383
3996383193421223
3996383092833366
3996383066832804
3996382966141356
3996382966141267
3996382932577635
3996382928382545
3996382874578957
3996382619000670
3996382555571450
3996382455634683
3996382097946305
3996382065205708
3996381959497029
3996381951106132
3996381935195357
3996381926280191
3996381858806715
3996381830651401
3996381829438633
3996381809642595
3996381792832894
3996381695184216
3996381679628328
3996381679628276
3996381679388022
3996381675428853
3996381675187388
3996381674730247
3996381674469658
3996381448580894
3996381268135335
3996381180205047
3996381172082849
3996381159476746
3996380907899758
3996380857170736
3996380856605069
3996380639522759
3996380562944139
3996380550964607
3996380512599003
3996386200035566
3996386196087624
3996386150821135
3996386137104500
3996386095149172
3996386053886085
3996385948308612
3996385948308594
3996385876986033
3996385797272683
3996385747808764
3996385714028342
3996385704974506
3996385696582809
3996385693473784
3996385600088084
3996385600087901
3996385579111048
3996385571762619
3996385512247268
3996385458508395
3996385454381846
3996385450104220
3996385449653967
3996385445120207
3996385445120062
3996385445120038
3996385445119970
3996385445119960
3996385445119901
3996385445119860
3996385445119810
3996385445119708
3996385399680194
3996385147244446
3996385054944671
3996384941667483
3996384832586881
3996384636650617
3996384589734059
3996384464236949
3996384443623880
3996384443620272
3996384325838634
3996384325202013
3996384216847006
3996384192044449
3996384099608870
3996384066263834
3996383935027452
3996383743262262
3996383692839170
3996383431836525
3996383344424383
3996383193421223
3996383092833366
3996383066832804
3996382966141356
3996382966141267
3996387467668809
3996387463459932
3996387388093580
3996387329273254
3996387211883878
3996386996905851
3996386993481876
3996386871043745
3996386712645905
3996386699031190
3996386624656922
3996386456046804
3996386451763145
3996386415071545
3996386414004790
3996386254577266
3996386200035566
3996386196087624
3996386150821135
3996386137104500
3996386095149172
3996386053886085
3996385948308612
3996385948308594
3996385876986033
3996385797272683
3996385747808764
3996385714028342
3996385704974506
3996385696582809
3996385693473784
3996385600088084
3996385600087901
3996385579111048
3996385571762619
3996385512247268
3996385458508395
3996385454381846
3996385450104220
3996385449653967
3996385445120253
3996385445120207
3996385445120062
3996385445120038
3996385445119970
3996385445119901
3996385445119860
3996385445119810
3996385445119708
3996385399680194
3996385147244446
3996385054944671
3996384941667483
3996384832586881
3996384636650617
3996384589734059
3996384464236949
3996384443623880
3996384443620272
3996384325838634
3996388730329634
3996388717374409
3996388716501143
3996388691328595
3996388663105903
3996388284637125
3996388183946470
3996388112624173
3996388016513110
3996387949001942
3996387916107019
3996387693341133
3996387672105711
3996387530690013
3996387491965326
3996387467668809
3996387463459932
3996387388093580
3996387329273254
3996387211883878
3996386996905851
3996386871043745
3996386712645905
3996386699031190
3996386624656922
3996386456046804
3996386451763145
3996386415071545
3996386414004790
3996386254577266
3996386200035566
3996386196087624
3996386150821135
3996386137104500
3996386095149172
3996386053886085
3996385948308612
3996385948308594
3996385876986033
3996385797272683
3996385747808764
3996385714028342
3996385704974506
3996385696582809
3996385693473784
3996385600088084
3996385600087901
3996385579111048
3996385571762619
3996385512247268
3996385458508395
3996385454381846
3996385450104220
3996385449653967
3996385445120253
3996385445120207
3996385445120062
3996385445120038
3996385445119970
3996385445119960
3996390004246965
3996389883464978
3996389781885406
3996389669019260
3996389388679609
3996389350410762
3996389287081151
3996389258664823
3996389225044077
3996389225001405
3996389170681985
3996389136742984
3996389082443137
3996388972422029
3996388817952185
3996388730329634
3996388717374409
3996388716501143
3996388691328595
3996388663105903
3996388284637125
3996388183946470
3996388112624173
3996388016513110
3996387949001942
3996387916107019
3996387672105711
3996387530690013
3996387491965326
3996387467668809
3996387463459932
3996387388093580
3996387329273254
3996387211883878
3996386996905851
3996386871043745
3996386712645905
3996386699031190
3996386624656922
3996386456046804
3996386451763145
3996386415071545
3996386414004790
3996386254577266
3996386200035566
3996386196087624
3996386150821135
3996386137104500
3996386095149172
3996386053886085
3996385948308612
3996385948308594
3996385876986033
3996385797272683
3996385747808764
3996385714028342
3996385704974506
3996385696582809
3996385693473784
3996385600088084
3996391322290026
3996391296204019
3996391267678945
3996391246671014
3996391150305301
3996390986706148
3996390986547971
3996390986167784
3996390982504486
3996390964755143
3996390915546505
3996390886139129
3996390835724092
3996390725608814
3996390722546399
3996390578766613
3996390561984234
3996390554216544
3996390524691013
3996390482877758
3996390436118911
3996390336297977
3996390269315169
3996390004246965
3996389883464978
3996389781885406
3996389669019260
3996389388679609
3996389287081151
3996389258664823
3996389225044077
3996389225001405
3996389170681985
3996389136742984
3996389082443137
3996388972422029
3996388817952185
3996388730329634
3996388717374409
3996388716501143
3996388691328595
3996388663105903
3996388284637125
3996388183946470
3996388112624173
3996388016513110
3996387949001942
3996387916107019
3996387672105711
3996387491965326
3996387467668809
3996387463459932
3996387388093580
3996387329273254
3996387211883878
3996386996905851
3996386871043745
3996386712645905
3996386699031190
3996392366685766
3996392227100588
3996392026281835
3996391757455205
3996391741532259
3996391732281744
3996391712113199
3996391603253874
3996391460525859
3996391456469385
3996391322290026
3996391296204019
3996391267678945
3996391246671014
3996391150305301
3996390986706148
3996390986547971
3996390986167784
3996390982504486
3996390964755143
3996390915546505
3996390886139129
3996390835724092
3996390725608814
3996390722546399
3996390578766613
3996390561984234
3996390554216544
3996390524691013
3996390482877758
3996390436118911
3996390336297977
3996390269315169
3996390004246965
3996389883464978
3996389781885406
3996389669019260
3996389388679609
3996389287081151
3996389258664823
3996389225044077
3996389225001405
3996389170681985
3996389136742984
3996389082443137
3996388972422029
3996388817952185
3996388730329634
3996388717374409
3996388716501143
3996388691328595
3996388663105903
3996388284637125
3996388183946470
3996388112624173
3996388016513110
3996387949001942
3996387916107019
3996387672105711
3996391322139827
3996389136742984
3996389082443137
3996388972422029
3996388817952185
3996388730329634
3996388717374409
3996388716501143
3996388691328595
3996388663105903
3996388284637125
3996388183946470
3996388112624173
3996388016513110
3996387949001942
3996387916107019
3996393804996213
3996393779502839
3996393755039327
3996393749838032
3996393749838000
3996393721405908
3996393708795022
3996393708792129
3996393695943857
3996393670714192
3996393503314771
3996393309301993
3996393196020833
3996393134335369
3996393133086093
3996393011414328
3996393000095042
3996393000092929
3996393000092090
3996392999829756
3996392999520943
3996392999218379
3996392994894709
3996392994894158
3996392994894110
3996392994894082
3996392994893637
3996392994893592
3996392953364615
3996392944971457
3996392927764499
3996392910982721
3996392886651763
3996392860636036
3996392747964029
3996392366685766
3996392227100588
3996392026281835
3996391757455205
3996391741532259
3996391732281744
3996391712113199
3996391603253874
3996391460525859
3996391456469385
3996391322290026
3996391296204019
3996391246671014
3996391150305301
3996390986706148
3996390986547971
3996390986167784
3996390982504486
3996390964755143
3996390915546505
3996390886139129
3996390835724092
3996390725608814
3996390722546399
3996390578766613
3996395012537614
3996395004980357
3996394971364868
3996394698264144
3996394673526507
3996394635528417
3996394618534242
3996394509162028
3996394505678549
3996394450681320
3996394374716860
3996394349543740
3996394258015876
3996394248849677
3996394076831689
3996394052731644
3996394018876908
3996394006268419
3996393804996213
3996393779502839
3996393755039327
3996393749838032
3996393749838000
3996393721405908
3996393708795022
3996393708792129
3996393695943857
3996393503314771
3996393309301993
3996393196020833
3996393134335369
3996393133086093
3996393011414328
3996393000095042
3996393000092929
3996393000092090
3996392999829756
3996392999520943
3996392999218379
3996392994894709
3996392994894158
3996392994894110
3996392994894082
3996392994893637
3996392994893592
3996392953364615
3996392944971457
3996392927764499
3996392910982721
3996392886651763
3996392860636036
3996392747964029
3996392366685766
3996392227100588
3996392026281835
3996391757455205
3996391741532259
3996391732281744
3996391712113199
3996391603253874
3996396367388045
3996396354499321
3996396346931947
3996396279696531
3996396271289426
3996396203457247
3996396191403874
3996396057584779
3996395789190955
3996395709081283
3996395688218990
3996395684012590
3996395624472085
3996395612833809
3996395562790685
3996395516049909
3996395511454733
3996395511454507
3996395511454504
3996395511454501
3996395511454468
3996395427782547
3996395399186356
3996395394205466
3996395197622543
3996395012537614
3996395004980357
3996394971364868
3996394698264144
3996394673526507
3996394635528417
3996394618534242
3996394509162028
3996394505678549
3996394374716860
3996394349543740
3996394258015876
3996394248849677
3996394076831689
3996394052731644
3996394018876908
3996394006268419
3996393804996213
3996393779502839
3996393755039327
3996393749838032
3996393749838000
3996393721405908
3996393708795022
3996393708792129
3996393695943857
3996393503314771
3996393309301993
3996393196020833
3996393134335369
3996393133086093
3996393011414328
3996393000095042
3996393000092929
3996393000092090
3996397395458581
3996397235316482
3996397198479786
3996397163990089
3996397008752182
3996396811558079
3996396601776124
3996396367388045
3996396354499321
3996396346931947
3996396279696531
3996396271289426
3996396203457247
3996396191403874
3996396057584779
3996395789190955
3996395709081283
3996395688218990
3996395684012590
3996395624472085
3996395612833809
3996395562790685
3996395516049909
3996395511454733
3996395511454507
3996395511454504
3996395511454501
3996395511454468
3996395427782547
3996395399186356
3996395394205466
3996395197622543
3996395012537614
3996395004980357
3996394971364868
3996394673526507
3996394635528417
3996394618534242
3996394509162028
3996394505678549
3996394374716860
3996394349543740
3996394258015876
3996394248849677
3996394076831689
3996394052731644
3996394018876908
3996394006268419
3996393804996213
3996393779502839
3996393755039327
3996393749838032
3996393749838000
3996393721405908
3996393708795022
3996393708792129
3996393695943857
3996393503314771
3996393309301993
3996393196020833
3996398918253514
3996398855233770
3996398816537869
3996398808146034
3996398602562482
3996398531236183
3996398427459602
3996398338462344
3996398082569377
3996398061591877
3996398037255060
3996398032521655
3996397831688105
3996397395458581
3996397235316482
3996397198479786
3996397163990089
3996397008752182
3996396811558079
3996396601776124
3996396367388045
3996396354499321
3996396346931947
3996396279696531
3996396271289426
3996396203457247
3996396191403874
3996396057584779
3996395789190955
3996395709081283
3996395688218990
3996395684012590
3996395624472085
3996395612833809
3996395562790685
3996395516049909
3996395511454733
3996395511454507
3996395511454504
3996395511454501
3996395511454468
3996395427782547
3996395399186356
3996395394205466
3996395197622543
3996395012537614
3996395004980357
3996394971364868
3996394673526507
3996394635528417
3996394618534242
3996394509162028
3996394505678549
3996394374716860
3996394349543740
3996394258015876
3996394248849677
3996394076831689
3996394052731644
3996394018876908
3996400150213479
3996400041126997
3996399962229445
3996399941224955
3996399609593557
3996399505045056
3996399470789123
3996399325010762
3996398918253514
3996398855233770
3996398816537869
3996398808146034
3996398602562482
3996398531236183
3996398427459602
3996398338462344
3996398082569377
3996398061591877
3996398037255060
3996398032521655
3996397831688105
3996397395458581
3996397235316482
3996397198479786
3996397163990089
3996397008752182
3996396811558079
3996396601776124
3996396367388045
3996396354499321
3996396346931947
3996396279696531
3996080364623155
3996396271289426
3996396203457247
3996396191403874
3996396057584779
3996395789190955
3996395709081283
3996395688218990
3996395684012590
3996395624472085
3996395612833809
3996395562790685
3996395516049909
3996395511454733
3996395511454507
3996395511454504
3996395511454501
3996395511454468
3996395427782547
3996395399186356
3996395394205466
3996395197622543
3996395012537614
3996395004980357
3996394971364868
3996394673526507
3996394635528417
3996394618534242
3996394509162028
3996412175994367
3996412125964074
3996412096555740
3996412037035754
3996411983383793
3996411911171369
3996411869216497
3996411802088807
3996411765435525
3996411755938552
3996411739524117
3996411617487537
3996411420558698
3996411404446077
3996411370824859
3996411358412756
3996411114029423
3996411064617843
3996410682156777
3996410620198996
3996410615998650
3996410615775866
3996410615773699
3996410460560086
3996410455988766
3996410372042000
3996410342320628
3996410271309516
3996410246782524
3996410208958643
3996410158539121
3996410120988368
3996111733215643
3996410116791626
3996410112849935
3996410019527520
3996409907243347
3996409798270111
3996409742990938
3996409609476042
3996409604168176
3996409496028525
3996409408080669
3996409390197633
3996409386002383
3996409135215865
3996408913106731
3996408849231759
3996408808320526
3996408766309837
3996408703544623
3996408681408617
3996408635258648
3996408602702421
3996408602614048
3996408497829047
3996408383787730
3996408325049289
3996408291484248
3996408128514131
3996408120487158
3996413505807830
3996413408439296
3996413396174319
3996413316997927
3996413186077549
3996413186077234
3996413165100095
3996413132665461
3996413123622519
3996412977193251
3996412629308727
3996412598970213
3996412347997646
3996412175994367
3996412125964074
3996412096555740
3996412037035754
3996411983383793
3996411911171369
3996411869216497
3996411802088807
3996411765435525
3996411755938552
3996411739524117
3996411617487537
3996411420558698
3996411404446077
3996411370824859
3996411358412756
3996411114029423
3996411064617843
3996410682156777
3996410620198996
3996410615998650
3996410615775866
3996410615773699
3996410460560086
3996410455988766
3996410372042000
3996410342320628
3996410271309516
3996410208958643
3996410158539121
3996410120988368
3996410116791626
3996410112849935
3996410019527520
3996409907243347
3996409798270111
3996409742990938
3996409609476042
3996409604168176
3996409496028525
3996409408080669
3996409390197633
3996409386002383
3996409135215865
3996408913106731
3996408849231759
3996408808320526
3996414642338559
3996414478750651
3996414474552366
3996414390938700
3996414352970503
3996414297619357
3996414277346925
3996414113018860
3996413970639256
3996413778372866
3996413744078809
3996413505807830
3996413408439296
3996413396174319
3996413316997927
3996413186077234
3996413165100095
3996413132665461
3996413123622519
3996412977193251
3996412629308727
3996412598970213
3996412347997646
3996412175994367
3996412125964074
3996412096555740
3996412037035754
3996411983383793
3996411911171369
3996411869216497
3996411802088807
3996411765435525
3996411755938552
3996411739524117
3996411617487537
3996411420558698
3996411404446077
3996411370824859
3996411358412756
3996411114029423
3996411064617843
3996410682156777
3996410620198996
3996410615998650
3996410615775866
3996410615773699
3996410460560086
3996410455988766
3996410372042000
3996410342320628
3996410271309516
3996410208958643
3996410158539121
3996410120988368
3996410116791626
3996410112849935
3996410019527520
3996409907243347
3996409798270111
3996409742990938
3996416080488217
3996415904726700
3996415900472055
3996415899767617
3996415824249196
3996415804098916
3996415803955406
3996415799518637
3996415791490269
3996415762412666
3996415740602005
3996415673592837
3996415657252751
3996415656692055
3996415653307661
3996415653305539
3996415649201208
3996415649200820
3996415648407748
3996415648407425
3996415648301804
3996415648301443
3996415648301440
3996415648301249
3996415648301055
3996415648300978
3996415564392386
3996415547609719
3996415489806126
3996415434332024
3996415397182346
3996415363008966
3996414948913705
3996414893897996
3996414893622843
3996414893114299
3996414642338559
3996414478750651
3996414474552366
3996414390938700
3996414352970503
3996414297619357
3996414277346925
3996414113018860
3996413970639256
3996413778372866
3996413744078809
3996141622712204
3996413505807830
3996413408439296
3996413396174319
3996413316997927
3996413186077234
3996413165100095
3996413132665461
3996413123622519
3996412977193251
3996412629308727
3996412598970213
3996412347997646
3996412175994367
3996338931178689
3994542934462679
3996412125964074
3996409982610914
3996417367926975
3996417297363768
3993905835665674
3996417158377856
3996417112729782
3996417095659245
3996417075171024
3996417028091419
3996416906422838
3996416902228057
3996416851882180
3996416654954705
3996416605604545
3996416500803948
3996416499720487
3996416433569660
3996416428397348
3996416411819093
3996416386442018
3996416352877911
3996416194563143
3996416152533393
3996416117931529
3996415904726700
3996415900472055
3996415899767617
3996415866677637
3996415824249196
3996415804098916
3996415803955406
3996415799518637
3996415791490269
3996415762412666
3996415740602005
3996415673592837
3996415657252751
3996415656692055
3996415653307661
3996415653305539
3996415649201208
3996415649200820
3996415648407748
3996415648407425
3996415648301804
3996415648301443
3996415648301440
3996415648301249
3996415648301055
3996415648300978
3996415564392386
3996415547609719
3996415489806126
3996415434332024
3996415397182346
3996415363008966
3996414948913705
3996414893897996
3996414893622843
3996414893114299
3996414642338559
3996414478750651
3996418517975930
3996418312347826
3996418227736091
3996418198368032
3996418169736480
3996418165747019
3996417964366479
3996417712524596
3996417624774655
3996417410198484
3996417367926975
3996417297363768
3996417158377856
3996417112729782
3996417095659245
3996417075171024
3996417028091419
3996416906422838
3996416851882180
3996416654954705
3996416605604545
3996416500803948
3996416499720487
3996416433569660
3996416428397348
3996416411819093
3996416386442018
3996416352877911
3996416194563143
3996416152533393
3996416117931529
3996415904726700
3996415900472055
3996415899767617
3996415866677637
3996415824249196
3996415804098916
3996415803955406
3996415799518637
3996415791490269
3996415762412666
3996415740602005
3996415673592837
3996415657252751
3996415656692055
3996415653307661
3996415653305539
3996415649201208
3996415649200820
3996415648407748
3996415648407425
3996415648301804
3996415648301443
3996415648301440
3996415648301249
3996415648301055
3996415648300978
3996415564392386
3996415547609719
3996415489806126
3996414164338508
3996419863678289
3996419684180672
3996419683855640
3996419671579589
3996419629490273
3996419549655368
3996419431567854
3996419423176662
3996419423176105
3996419377428359
3996419369566127
3996419196622401
3996419084382912
3996419059172511
3996419020587901
3996419004394121
3996418769568196
3996418517975930
3996418312347826
3996418227736091
3996418198368032
3996418169736480
3996418165747019
3996417964366479
3996417712524596
3996417624774655
3996417410198484
3996417367926975
3996417297363768
3996417158377856
3996417112729782
3996417095659245
3996417075171024
3996417028091419
3996416906422838
3996416851882180
3996416654954705
3996416605604545
3996416500803948
3996416499720487
3996416433569660
3996416428397348
3996416411819093
3996416386442018
3996416352877911
3996416194563143
3996416152533393
3996416117931529
3996415904726700
3996415900472055
3996415899767617
3996415866677637
3996415824249196
3996415804098916
3996415803955406
3996415799518637
3996415791490269
3996415762412666
3996415740602005
3996415673592837
3996421051548427
3996421008534079
3996420983360580
3996420727730787
3996420719881915
3996420693870365
3996420681934871
3996420681283364
3996420681283356
3996420559614953
3996420530246449
3996420434014126
3996420295703558
3996420253610958
3996420183083731
3996420178092453
3996420014769573
3996419863678289
3996419684180672
3996419683855640
3996419671579589
3996419629490273
3996419549655368
3996419431567854
3996419423176662
3996419423176105
3996419377428359
3996419369566127
3996419196622401
3996419084382912
3996419059172511
3996419020587901
3996419004394121
3996418769568196
3996418517975930
3996418312347826
3996418227736091
3996418198368032
3996418169736480
3996418165747019
3996417964366479
3996417712524596
3996417624774655
3996417410198484
3996417367926975
3996417297363768
3996417158377856
3996417112729782
3996417095659245
3996417075171024
3996417028091419
3996416906422838
3996416851882180
3996416654954705
3996416605604545
3996416500803948
3996416499720487
3996416433569660
3996416428397348
3996416411819093
3996422443980134
3996422271117620
3996422191401848
3996421953064965
3996421939671324
3996421885841049
3996421869036745
3996421637597138
3996421554469164
3996421436212839
3996421328331167
3996421269297288
3996421051548427
3996421008534079
3996420983360580
3996420727730787
3996420719881915
3996420693870365
3996420681934871
3996420681283364
3996420681283356
3996420559614953
3996420530246449
3996420434014126
3996420295703558
3996420253610958
3996420183083731
3996420178092453
3996420014769573
3996419863678289
3996419684180672
3996419683855640
3996419671579589
3996419629490273
3996419549655368
3996419431567854
3996419423176662
3996419423176105
3996419377428359
3996419369566127
3996419196622401
3996419084382912
3996419059172511
3996419020587901
3996419004394121
3996418769568196
3996418517975930
3996418312347826
3996418227736091
3996418198368032
3996418169736480
3996418165747019
3996417964366479
3996417712524596
3996417624774655
3996417410198484
3996417367926975
3996417297363768
3996417158377856
3996417112729782
3996423731517802
3996423702339535
3996423651366845
3996423613149211
3996423596367774
3996423559493322
3996423483352015
3996423457916204
3996423450752679
3996423379303946
3996423349477155
3996423316251015
3996423285900457
3996423252598557
3996423249005921
3996423240010846
3996423224085936
3996423211448893
3996423203043096
3996423203036018
3996423198414066
3996423198413243
3996423198412786
3996423198055999
3996423198055554
3996423198055432
3996423198055391
3996423198055296
3996423177205066
3996423147710245
3996423119321286
3996423097364755
3996422913734988
3996422694598924
3996422635862230
3996422619080812
3996422590638482
3996422443980134
3996422271117620
3996422191401848
3996421953064965
3996421939671324
3996421885841049
3996421869036745
3996421637597138
3996421554469164
3996421436212839
3996421051548427
3996421008534079
3996420983360580
3996420727730787
3996420719881915
3996420693870365
3996420681934871
3996420681283364
3996420681283356
3996420559614953
3996420530246449
3996420434014126
3996424972817552
3996424952258160
3996424938966087
3996424707913834
3996424683452212
3996424641703988
3996424566282810
3996424503523027
3996424427698664
3996424418805582
3996424406697198
3996424360934889
3996424226281197
3996424209944789
3996424134315322
3996424104903544
3996423978158550
3996423856488738
3996423840730642
3996423840729610
3996423839706240
3996423815519910
3996423731517802
3996423702339535
3996423651366845
3996423613149211
3996423596367774
3996423559493322
3996423483352015
3996423457916204
3996423450752679
3996423379303946
3996423349477155
3996423316251015
3996423285900457
3996423252598557
3996423249005921
3996423240010846
3996423224085936
3996423211448893
3996423203043096
3996423203036018
3996423198414066
3996423198413243
3996423198412786
3996423198055999
3996423198055554
3996423198055432
3996423198055391
3996423198055296
3996423177205066
3996423147710245
3996423119321286
3996423097364755
3996422913734988
3996422694598924
3996422635862230
3996422619080812
3996419684180672
3996426251793804
3996426171613193
3996426093136881
3996426080012108
3996426055323689
3996426004910197
3996426004758404
3996425992306337
3996425987272726
3996425946352170
3996425890776242
3996425841320665
3996425719576718
3996425715538203
3996425715375831
3996418769568196
3996418517975930
3996418227736091
3996418198368032
3996418169736480
3996418165747019
3996417964366479
3996417712524596
3996417624774655
3996417410198484
3996417367926975
3996417297363768
3996417158377856
3996417095659245
3996417075171024
3996417028091419
3996416906422838
3996416851882180
3996416654954705
3996416605604545
3996416500803948
3996416499720487
3996416433569660
3996416428397348
3996416411819093
3996416386442018
3996416352877911
3996416194563143
3996416152533393
3996416117931529
3996415904726700
3996415900472055
3996415899767617
3996415866677637
3996415824249196
3996415804098916
3996415803955406
3996415799518637
3996415791490269
3996415762412666
3996415740602005
3996415673592837
3996415657252751
3996415656692055
3996415653307661
3996427543281970
3996427464632925
3996427376406482
3996427362874451
3996427229518861
3996427221216785
3996427216908394
3996426990271999
3996426985727119
3996426977331499
3996426973726872
3996426973282879
3996426973134206
3996426972953308
3996426972953160
3996426972953152
3996426898104166
3996426767491501
3996426763176422
3996426390901130
3996426251793804
3996426171613193
3996426093136881
3996426080012108
3996426055323689
3996426004910197
3996426004758404
3996425992306337
3996425987272726
3996425890776242
3996425841320665
3996425719576718
3996425715538203
3996425715375831
3996425656451827
3996425597093214
3996425304611826
3996425283609321
3996425195376354
3996425191004317
3996425107421709
3996425089705147
3996425081314710
3996424972817552
3996424938966087
3996424707913834
3996424683452212
3996424641703988
3996424566282810
3996424503523027
3996424427698664
3996424418805582
3996424406697198
3996424360934889
3996424226281197
3996424209944789
3996424134315322
3996424120805021
3996428857227454
3996428794218770
3996428735400937
3996428486999718
3996428302957292
3996428290186967
3996428268836633
3996428260807873
3996428231426067
3996428231076842
3996428231076773
3996428211092077
3996428194283874
3996428109408620
3996428097915836
3996427737186434
3996427682835352
3996427543281970
3996427464632925
3996427376406482
3996427362874451
3996427229518861
3996427221216785
3996427216908394
3996426990271999
3996426985727119
3996426977331499
3996426973726872
3996426973282879
3996426973134206
3996426972953308
3996426972953160
3996426972953152
3996426898104166
3996426767491501
3996426763176422
3996426390901130
3996426251793804
3996426171613193
3996426093136881
3996426080012108
3996426055323689
3996426004910197
3996426004758404
3996425992306337
3996425987272726
3996425890776242
3996425841320665
3996425719576718
3996425715538203
3996425715375831
3996425656451827
3996425597093214
3996425304611826
3996425283609321
3996425195376354
3996425191004317
3996425107421709
3996425089705147
3996430170023214
3996429992657444
3996429842894844
3996429653832587
3996429636303063
3996429595011431
3996429574295340
3996429523885343
3996429507050737
3996429490248692
3996429485265362
3996429456931717
3996429426528234
3996429304858525
3996429271294185
3996429234524661
3996429153819715
3996429003454286
3996428981803992
3996428857227454
3996428794218770
3996428735400937
3996428486999718
3996428302957292
3996428290186967
3996428268836633
3996428260807873
3996428231426067
3996428231076842
3996428231076773
3996428211092077
3996428194283874
3996428109408620
3996428097915836
3996427891245957
3996427737186434
3996427682835352
3996427543281970
3996427464632925
3996427376406482
3996427362874451
3996427229518861
3996427221216785
3996427216908394
3996426990271999
3996426985727119
3996426977331499
3996426973726872
3996426973282879
3996426973134206
3996426972953308
3996426972953160
3996426972953152
3996426898104166
3996426767491501
3996426763176422
3996426390901130
3996426251793804
3996426171613193
3996431423694949
3996431386136820
3996431381249134
3996431172360596
3996431162934672
3996431049655928
3996431038158831
3996431000335360
3996431000329819
3996431000055308
3996430999308407
3996430961548750
3996430957353244
3996430853157355
3996430818902846
3996430785339323
3996430757095894
3996430756801898
3996430752895879
3996430752595782
3996430752448374
3996430751774908
3996430748253492
3996430747580240
3996430747580192
3996430747580174
3996430747579827
3996430747579693
3996430677547488
3996430617783513
3996430610031548
3996430593535113
3996430336686908
3996430312293371
3996430308097405
3996430170023214
3996429992657444
3996429842894844
3996429653832587
3996429636303063
3996429595011431
3996429574295340
3996429523885343
3996429507050737
3996429485265362
3996429456931717
3996429426528234
3996429304858525
3996429271294185
3996429234524661
3996429153819715
3996429003454286
3996428981803992
3996428857227454
3996428794218770
3996428735400937
3996428486999718
3996428302957292
3996428290186967
3996428268836633
3996432761422837
3996432749051676
3996432744120013
3996432652848717
3996432640088119
3996432580497290
3996432569080792
3996432509435343
3996432270485209
3996432257704528
3996432208118765
3996432123449451
3996432039538808
3996432031896864
3996432027307147
3996432007136804
3996432002489460
3996431943931732
3996431938846860
3996431938846731
3996431830956137
3996431780331596
3996431545294829
3996431519556726
3996431503771497
3996431502773789
3996431423694949
3996431386136820
3996431381249134
3996431172360596
3996431162934672
3996431049655928
3996431038158831
3996431000335360
3996431000329819
3996431000055308
3996430999308407
3996430961548750
3996430957353244
3996430853157355
3996430818902846
3996430785339323
3996430757095894
3996430756801898
3996430752895879
3996430752595782
3996430752448374
3996108835952402
3996430751774908
3996430748253492
3996430747580240
3996430747580192
3996430747580174
3996430747579827
3996430747579693
3996430677547488
3996430617783513
3996430610031548
3996430593535113
3996430336686908
3996430312293371
3996434020028310
3996434019289947
3996433953062132
3996433859858310
3996433831210065
3996433713014687
3996433554779514
3996433474958004
3996433306685842
3996433285703653
3996433265399178
3996433265019560
3996433235610164
3996433013594313
3996433012630459
3996432913046884
3996432850033173
3996432849007382
3996432845688428
3996432799886445
3996432749051676
3996432744120013
3996432640088119
3996432580497290
3996432569080792
3996432509435343
3996432270485209
3996432257704528
3996432208118765
3996432123449451
3996432039538808
3996432031896864
3996432027307147
3996432007136804
3996432002489460
3996431943931732
3996431938846860
3996431938846731
3996431830956137
3996431780331596
3996431545294829
3996431519556726
3996431503771497
3996431502773789
3996431423694949
3996431386136820
3996431381249134
3996431172360596
3996431162934672
3996431049655928
3996431038158831
3996431000335360
3996431000329819
3996431000055308
3996430999308407
3996430961548750
3996430957353244
3996430853157355
3996430818902846
3996430785339323
3996435278384121
3996435130851070
3996435115053196
3996435059751429
3996434967226060
3996434774616586
3996434770420728
3996434724565900
3996434523410217
3996434523408973
3996434522799350
3996434484735691
3996434473301155
3996434350981933
3996434263189773
3996434250248840
3996434233263361
3996432321720464
3996434086418696
3996434020028310
3996434019289947
3996433953062132
3996433859858310
3996433831210065
3996433713014687
3996433554779514
3996433474958004
3996433306685842
3996433285703653
3996433265399178
3996433265019560
3996433235610164
3996433013594313
3996433012630459
3996432913046884
3996432850033173
3996432849007382
3996432845688428
3996432799886445
3996432749051676
3996432744120013
3996432640088119
3996432580497290
3996432569080792
3996432509435343
3996432270485209
3996432257704528
3996432208118765
3996432123449451
3996432039538808
3996432031896864
3996432027307147
3996432007136804
3996432002489460
3996431943931732
3996431938846860
3996431938846731
3996431830956137
3996431780331596
3996431545294829
3996431519556726
3996436586166057
3996436582713352
3996425148180048
3996436549566476
3996436373374728
3996436373145753
3996436356339166
3996436263108992
3996436242783263
3996436024226960
3996435840353816
3996435781782729
3996435769181957
3996435744238824
3996435664412487
3996435629850761
3996435605209911
3996435596286848
3996435546784195
3996435479551171
3996435336168616
3996435278384121
3996435130851070
3996435115053196
3996435059751429
3996434967226060
3996434774616586
3996434770420728
3996434724565900
3996434523410217
3996434523408973
3996434522799350
3996434484735691
3996434473301155
3996434350981933
3996434263189773
3996434250248840
3996434233263361
3996434086418696
3996434020028310
3996434019289947
3996433953062132
3996433859858310
3996433831210065
3996433713014687
3996433554779514
3996433474958004
3996433306685842
3996433285703653
3996433265399178
3996433265019560
3996433235610164
3996433013594313
3996433012630459
3996432913046884
3996432850033173
3996432849007382
3996432845688428
3996432749051676
3996432744120013
3996432640088119
3996437451242313
3996437450557686
3996425614549690
3996437399843482
3996437396624909
3996437374670112
3996437362083623
3996437241457641
3996437190066204
3996437160697680
3996437132103361
3996437039025345
3996436666947597
3996438822731877
3996438805668083
3996438801724579
3996438801721497
3996438784204274
3996438763921515
3996438675017823
3996438628866965
3996438608187561
3996438574325693
3996438515587333
3996438503000704
3996438436103067
3996438389934658
3996438352159204
3996438339377501
3996438327701575
3996438319295095
3996438297421528
3996438297421412
3996438297421278
3996438297421188
3996438297421149
3996438297421144
3996438155989160
3996438075400366
3996438071662873
3996438063564341
3996438046759573
3996437971388539
3996437945865830
3996437886523382
3996437811004239
3996437794868135
3996437794221658
3996437778385235
3996437698500269
3996437652293875
3996440068606542
3996440005591784
3996439992986282
3996439946049893
3996439837821750
3996439837657624
3996439628035766
3996439569482260
3996439556364171
3996439467714185
3996439450932083
3996439380232080
3996439305069252
3996439299892001
3996439263063994
3996439053528877
3996439024122055
3996438885498738
3995994238166681
3996441247042165
3996441107644414
3996441015341824
3996441011146032
3996440906855634
3996440885873850
3996440814718701
3996440813955352
3996440813955140
3996440813954679
3996440735257378
3996440563546191
3996440521538984
3996440466809289
3996440412193870
3996440352709297
3996440181384986
3996440148168353
3996440134934143
3996434976667416
3996442584832643
3996442580630050
3996359789236149
3996442479058253
3996442336870364
3996442308138651
3996442182352578
3996442160461910
3996442072937198
3996442072356038
3996442056230294
3996442013965638
3996441960186165
3996441884560900
3996441846684825
3996441586787600
3996443888726919
3996443864281901
3996443599828317
3996443587220894
3996443582212725
3996443439566935
3996443410993872
3996443372438734
3996443352729418
3996443335918578
3996443330769293
3996443314908351
3996443276777234
3996443083211150
3996442877631624
3996445171802266
3996445092347775
3996445026186256
3996444970676308
3996444929391148
3996444899705797
3996444841597058
3996444811243594
3996444774081783
3996444639967679
3996444588878392
3996444567899855
3996444463011142
3996444401232595
3996444349731424
3996444287806718
3996444165390278
3996444107419363
3996444039524597
3996446430920720
3996446351334539
3996446351330497
3996446238117392
3996446234170337
3996446192152207
3996446178481733
3996446125168427
3996446099950476
3996446098763889
3996446065200189
3996446057362418
3996446010916060
3996445939594711
3996445880856814
3996445856718843
3996445852519586
3996445852515439
3996445852212066
3996445851668148
3996445851487174
3996445851486833
3996445848320494
3996445848012955
3996445848010005
3996445847291404
3996445847291113
3996445847290875
3996445847290861
3996445843810330
3996445298624185
3996439669100038
3996447689628864
3996447608671146
3996447588786414
3996447567601270
3996447496605775
3996447471394313
3996447307595842
3996447307440717
3996447127610749
3996447110348671
3996447109845839
3996447013154754
3996446992581867
3996446883089367
3996446854545166
3996446749091741
3996446690936143
3996446602947162
3996445714141306
3996445595556548
3996449068500088
3996448951705308
3996245300613340
3996448918464495
3996448838881931
3996448825151393
3996448821424828
3996448737040534
3996448540667464
3996448519121951
3996448439147753
3996448368274730
3996448363887465
3996448363887188
3996448263847741
3996448112147533
3996447856686235
3996450327693074
3996450255347963
3996450238566433
3996450222909799
3996450029882877
3996449933502844
3996449869609707
3996449660590717
3996449622715614
3996449622066508
3996449622066502
3996449538153394
3996449492766129
3996449454240235
3996449303195716
3996449290609617
3996449128295252
3996447983240067
3996447974840937
3996447860409988
3996451489247869
3996451400496968
3996451262869862
3996451174398797
3996451048836402
3996451028093931
3996450965064360
3996450960860320
3996450952237634
3996450935916422
3996450926388283
3996450889421583
3996450884431381
3996450880236168
3996450880236031
3996450742042331
3996450662325311
3996450377022021
3996452906221738
3996452897829422
3996452876851981
3996452839090779
3996452776155424
3996452772946400
3996452675459383
3996452532806668
3996452403003023
3996452391422093
3996452390671996
3996452387219080
3996452319997130
3996452240439502
3996452139606492
3996452139073278
3996452138674802
3996452037979528
3996452001054352
3996451971829972
3996451887559198
3996451833457405
3996454114047308
3996454068647466
3996454055569911
3996454048126117
3996454034698617
3996453934937896
3996453913919349
3996453901312158
3996453817287495
3996453803830646
3996453699589634
3996453691503740
3996453665784149
3996453649427690
3996453649427383
3996453602638261
3996453585657099
3996453577988901
3996453443003581
3996453418893335
3996453402091195
3996453402085683
3996453397463440
3996453397234613
3996453396851457
3996453396850964
3996453396850961
3996453396850908
3996453339341861
3996453150176292
3996453037358982
3996455415523823
3996455380870504
3996455334718602
3996455306115187
3996455280485163
3996455226536620
3996455162953813
3996455134015221
3996455092529824
3996455028436010
3996454991455376
3996454954128678
3996454710446539
3996454688851069
3996454656320772
3996454656072274
3996454467502806
3996454463305188
3996454453894240
3996454442031379
3996454408943430
3996454287094011
3996456665364312
3996456535382073
3996456513889676
3996456493368622
3996456312049783
3996456287276712
3996456207276849
3996456153608162
3996456136464112
3996456074053083
3996456010689798
3996456009959199
3996455964819391
3996455951813644
3996455939512952
3996455918504931
3996455913458931
3996455913458233
3996455913458093
3996455913457961
3996455696099772
3996455540896802
3996455515945287
3996455498479585
3996457922663593
3996457831351522
3996457818749449
3996457734554636
3996457721270852
3996457675119145
3996457633161535
3996457431768284
3996457427845275
3996457419449725
3996457419180637
3996457323764491
3996457201943137
3996457193534358
3996457189560132
3996457176723072
3996457171899365
3996457171899025
3996457051166859
3996456996543035
3996456991486779
3996456924356387
3996456798980081
3996456484073107
3996459244836210
3996459185448176
3996459114552352
3996459072858267
3996459047652310
3996459046586006
3996458917345854
3996458900542247
3996458719584463
3996458699475766
3996458695272620
3996458660844732
3996458506734557
3996458493017011
3996458446864690
3996458430081299
3996458430081260
3996458338925910
3996458279036652
3996458233178634
3996459390631435
3996461198458794
3996461131374328
3996461131327729
3996461118741202
3996461034827880
3996461022239649
3996460993844425
3996460964424009
3996460960225160
3996460951153248
3996460950911955
3996460947228555
3996460946957146
3996460946957091
3996460946716821
3996460946716569
3996460946716556
3996460946716297
3996460946716076
3996460946715929
3996460931074612
3996460926878164
3996460758385314
3996460754895717
3996460582919821
3996460376356268
3996460339520780
3996460293110976
3996460196171425
3996460192744265
3996460066504867
3996460053285578
3996460015523093
3996459924390749
3996459889653160
3996459844316550
3996459709566743
3996459601404499
3996464647099671
3996464646459555
3996464625276486
3996464536908428
3996464475009401
3996464412258176
3996464403549804
3996464399647891
3996464361823529
3996464293819667
3996464071773416
3996464068276393
3996463988372187
3996463955109618
3996463925204289
3996463887801148
3996463866131084
3996463825134149
3996463808333994
3996463728416682
3996463673905700
3996463639556224
3996463626968867
3996463577547698
3996463577546762
3996463564942130
3996463548138533
3996463547251645
3996463468190294
3996463375227350
3996463309200953
3996463304594879
3996463287119184
3996463241980412
3996463203206151
3996463157054876
3996463099242288
3996463065078728
3996462913707591
3996462864407737
3996462859164131
3996462783904477
3996462772048864
3996462767121189
3996462754534936
3996462730034960
3996462717261886
3996462708381380
3996462680102915
3996462671698108
3996462653837258
3996462457101571
3996462403119899
3996462331964404
3996462205667231
3996462130578900
3996462058386389
3996461953420878
3996465955700625
3996465787835471
3996465729253373
3996465602413527
3996465585628898
3996465564647509
3996465564647037
3996465548216726
3996465539471387
3996465493313508
3996465468971116
3996465371626476
3996465333862429
3996465292666683
3996465070414303
3996465062009108
3996464978209049
3996464797916155
3996464788655397
3996464760348099
3996464759603782
3996464721521661
3996464721521569
3996464721521534
3996464483159977
3996464441381701
3996464210510181
3996467243307774
3996467238801050
3996467191966649
3996467129800045
3996467125438020
3996467003142232
3996466965637598
3996466768419310
3996466743243659
3996466541826426
3996466320467419
3996466269338707
3996466231572984
3996466194749755
3996466161125101
3996466160239606
3996465980922608
3996464223115366
3996468580396776
3996468576955245
3996468538432861
3996468521647730
3996468509703918
3996468505494757
3996468501758670
3996468501757358
3996468501293462
3996468501291107
3996468497561142
3996468497559929
3996468497091978
3996468497091933
3996468497091789
3996468496470280
3996468496470116
3996468467934725
3996468417502489
3996468396708375
3996468254084288
3996468223711199
3996468169158780
3996468140047820
3996468115339351
3996467998472179
3996467880529221
3996467796392599
3996467783802024
3996467750489606
3996467721323991
3996467623909509
3996467452367538
3996469767394734
3996469754804409
3996469751533576
3996469750782650
3996469692651514
3996469667442353
3996469604722276
3996469596316923
3996469490450594
3996469483108414
3996469382501592
3996469239871709
3996469188818219
3996469147677745
3996469054311043
3996470270671059
3996470103759095
3996470007028906
3996469957215518
3996469910985007
3996469889962951
3996469885764644
3996468971428442
3996468936818023
3996468895623687
3996468887211353
3996468882266396
3996468764772558
3996468749172865
3996468732371056
3996468702954779
3996468689501564
3996468672758255
3996468669332667
3996472461123839
3996472342518635
3996472326647767
3996472314294923
3996472314035221
3996472305624173
3996472271995912
3996472271645682
3996472175586022
3996472129612188
3996472121207170
3996472029047584
3996471773199187
3996471769000709
3996471764015127
3996471688461896
3996471550216555
3996471471160646
3996471449993285
3996471445947352
3996471432486728
3996471420568423
3996471391413090
3996471369545051
3996471265773516
3996471223077441
3996471189107140
3996471122939999
3996471084200508
3996471013190626
3996473719490893
3996473621811419
3996473589121534
3996473534844971
3996473518035789
3996473462617929
3996473454896760
3996473424899760
3996473375307422
3996473349746460
3996473311831785
3996473274448176
3996473149009364
3996473073234466
3996473034614957
3996473026222156
3996473010598339
3996473001795638
3996472975869451
3996472912927564
3996472887750033
3996472825958168
3996472745674226
3996472657924435
3996472657804183
3996472649411830
3996472632049294
3996472624294048
3996472582518077
3996472553314153
3996472544908164
3996472540473910
3996472536501654
3996472476794542
3996474994450243
3996474880162736
3996474867573797
3996474792040306
3996474758470422
3996474742513717
3996474545541589
3996474490172052
3996474381860263
3996474360623542
3996474264443694
3996474255179105
3996474213514015
3996474146075148
3996474117622001
3996474088196809
3996473937492753
3996473920339300
3996473886368591
3996473823947851
3996473820083308
3996473782264554
3996473878264229
3996476336511651
3996476331287841
3996476319162449
3996476306569337
3996476303146397
3996476302369375
3996476298945685
3996476298940751
3996476264410735
3996476247624579
3996476243429302
3996476226805510
3996476210917470
3996476197269711
3996476163832464
3996477573786393
3996477568662739
3996477425991238
3996477371702007
3996477355789839
3996477309512924
3996477304561872
3996477250975817
3996477070510754
3996477053962195
3996476974104006
3996476910522326
3996476902537581
3996476894507602
3996476894128920
3996476835534045
3996476805468807
3996476797374294
3996476797078085
3996476701434850
3996476595956018
3996476550018931
3996476549495545
3996476533822521
3996476503336753
3996476465570083
3996476428997508
3996476402624940
3996476151237093
3996476138521802
3996476059821215
3996476055398444
3996476051413846
3996476051412226
3996476051411320
3996476050398872
3996476047215096
3996476046649681
3996476046202856
3996476046202614
3996476000488993
3996475953886241
3996475916978366
3996475669768616
3996475661358648
3996478911876144
3996478886073732
3996478865902737
3996478839606007
3996478814426328
3996478772465006
3996478719042532
3996478713715096
3996478702065309
3996478655819465
3996478617977814
3996478609470824
3996478563118615
3996478446159193
3996478315329415
3996478299302931
3996478298543644
3996478245131308
3996478055162988
3996477955456118
3996477704059799
3996477665988843
3996480077741713
3996479896542875
3996479880705763
3996479830530097
3996479821009680
3996479792701130
3996479754835976
3996479465313939
3996479415211151
3996479243410445
3996479070969702
3996480647430925
3996480496790393
3996480304207976
3996482711045510
3996482644281276
3996482589348804
3996482564172022
3996482544220948
3996482522963865
3996482501949200
3996482220490757
3996482141560448
3996482027290575
3996481901722993
3996481801900228
3996481520462532
3996481487169738
3996481487093618
3996481440859042
3996481385493696
3996481348118746
3996481326742751
3996481326740907
3996481323398070
3996481239590508
3996481234418481
3996481150750058
3996481118049139
3996480979459853
3996480828083644
3996480647582310
3996483876852273
3996483860066366
3996483823269422
3996483721848618
3996483684083239
3996483638940628
3996483637921783
3996483634239565
3996483633724317
3996483613601983
3996483596899197
3996483596786425
3996483596784254
3996483596061900
3996483595958036
3996483595957700
3996483595956805
3996483595956578
3996483595956546
3996483595956511
3996483595956463
3996483479509704
3996483466900115
3996483345291189
3996483331859254
3996483278314159
3996483268901716
3996483105244526
3996483046494798
3996482887810343
3996485379179639
3996485357642065
3996485299765710
3996485257377910
3996485111191941
3996484968562803
3996484917026374
3996484896883206
3996484872163148
3996484855112411
3996484804916193
3996484686488851
3996484648721201
3996484598366016
3996484581580041
3996484528067793
3996484523600701
3996484507053043
3996484346584029
3996484334255971
3996484159013260
3996484099841113
3996486611561376
3996486435573834
3996486355842733
3996486067095379
3996487929671086
3996487857369237
3996487720082640
3996487703279955
3996487623435335
3996487371147229
3996487370846205
3996487370846073
3996487219775872
3996487119736738
3996486997630589
3996486939494118
3996486683613649
3996486670311465
3996486524047587
3996486519241162
3996486512142017
3996486411213645
3996486229951749
3996486171203680
3996486138544084
3996486125608276
3996486121732503
3996486113688910
3996486059060476
3996485937067081
3996485861810778
3996485765432231
3996485719204412
3996485693084574
3996489183419934
3996489154268626
3996489149381873
3996489120651591
3996488935314237
3996488842994093
3996488842993015
3996488705146589
3996488511740580
3996488474887500
3996488403717965
3996488378055413
3996488248508968
3996488244305492
3996488164470407
3996488042712606
3996489502230618
3996489463959528
3996493109319666
3996493029554676
3996493016350020
3996492899432574
3996492660044882
3996492450090826
3996492403929226
3996492283485434
3996492266666219
3996492173386560
3996492153451438
3996492123029992
3996492035057528
3996491980348561
3996491972981179
3996491904813751
3996491884642956
3996491838018048
3996491716277649
3996491644895688
3996491566278127
3996491514803068
3996491493820832
3996491432042526
3996491398411376
3996491397944964
3996491393108718
3996491351586006
3996491296586044
3996491283997497
3996491258818953
3996491246229954
3996491229443013
3996491216853526
3996491154522076
3996491154167481
3996491149971237
3996491149971213
3996491149970949
3996491149970872
3996491149970708
3996491149970278
3996491149969541
3996491145774582
3996491145773752
3996491082828046
3996491024078609
3996490894579946
3996490894579713
3996490735546116
3996490730329852
3996490727139034
3996490685284713
3996490667647170
3996490495596919
3996490395700014
3996490352920190
3996490155689168
3996489941933256
3996494078543265
3996494061730060
3996494040716568
3996493969541652
3996493666532543
3996493666532370
3996493650677767
3996493641353365
3996493637648361
3996493620373266
3996493562688905
3996493528817452
3996493399055160
3996493180075780
3996394287636876
3996495651194742
3996495504572298
3996495407384377
3996495226787925
3996495177549582
3996495143719995
3996495025887277
3996494992305374
3996494920455354
3996494857511096
3996494849579890
3996494543990168
3996494531639621
3996494464393164
3996390994952501
3996496955918901
3996496934893776
3996496934518083
3996496875916563
3996496774461567
3996496716405612
3996496683035228
3996496652766917
3996496611577648
3996496510966079
3996496430615346
3996496410485956
3996496406147003
3996496304722731
3996496179826204
3996496019367815
3996495989993402
3996495977796061
3996495924019134
3996495877792461
3996495860245742
3996495789138319
3996495764594058
3996495727033249
3996495693417264
3996494669569795
3996494433945295
3996498113510605
3996498095520038
3996498058016490
3996498050405952
3996498033642603
3996498028719917
3996497852395895
3996497797842973
3996497782198236
3996497688736788
3996497651783941
3996497475718098
3996497382668467
3996497298742491
3996497278666956
3996497235798974
3996497186405803
3996497156878847
3996497123608475
3996497047332927
3996499106588065
3996498948025401
3996498947806607
3996498947806541
3996498796542551
3996498775937634
3996498763320038
3996498746501207
3996498712122493
3996498700741105
3996498700268935
3996498699533342
3996498699532922
3996498696536454
3996498696295955
3996498696294287
3996498695337576
3996498695337265
3996498695336719
3996498695336689
3996498695336539
3996498675511466
3996498615605039
3996498515153881
3996498481582486
3996498414441198
3996498368281510
3996498318336456
3996497789449991
3996497538880014
