3997081892563361
3997081268271502
3997081204708124
3997080198496971
3997080098251991
3997080063629112
3997080031264645
3997080030618716
3997079610817050
3997079603331201
3997079590253098
3997079048668579
3997078818266467
3997078596691511
3997078340406921
3997078314873258
3997077963021294
3997077786192136
3997077778299431
3997077665506795
3997077509539691
3997077442811525
3997077400677192
3997077077470455
3997076889444431
3997076796784864
3997076696326974
3997076662755909
3997075962167191
3997075865580683
3997075764842446
3997075597437061
3997075593526638
3997075295032604
3997074988554760
3997074904962213
3997074779827369
3997074133827797
3997073990375889
3997072833215572
3997072719512804
3997072715317792
3997072560327738
3997072467803538
3997072245794987
3997071722283017
3997071482625020
3997071260918280
3997071134012706
3997070777818512
3997070577160325
3997070215542584
3997069478130775
3997069200935422
3997068953664896
3997068626243074
3997068316303773
3997068080494289
3997082229080938
3997082220158672
3997082177980748
3997082173535661
3997082057064436
3997082039691556
3997082026703815
3997081997497493
3997081972166380
3997081783382912
3997081767658697
3997081729844694
3997081691088583
3997081645170586
3997081616513779
3997081602990067
3997081565418097
3997081536311818
3997081536296787
3997081516072083
3997081398076143
3997081347712743
3997081318038043
3997081302024076
3997081284755217
3997081279961100
3997081268271502
3997081255666308
3997081204709003
3997081184495425
3997081137810876
3997081125811821
3997081045475307
3997081033484239
3997081025223952
3997080974801033
3997080907424417
3997080865811561
3997080857401566
3997080768793431
3997080748393884
3997080684764956
3997080684511113
3997080655731655
3997080613403307
3997080453778153
3997080399955834
3997080386656788
3997080328756850
3997080277841410
3997080277582363
3997080260801966
3997080207270957
3997080206890832
3997080197874488
3997080113971142
3997080101798449
3997080039012387
3997080034815426
3997080030856647
3997083143189602
3997083012840243
3997082823853440
3997082559678695
3997082447058201
3997082413354494
3997082232544289
3997073987007651
3997083297892255
3997083293385471
3997083172319652
3997083125796474
3997083125795711
3997083109007325
3997083062650714
3997083046851888
3997083046543353
3997083004074417
3997082879056960
3997082828903938
3997082807893174
3997082739905850
3997082731232340
3997082626353313
3997082614407524
3997082593261052
3997082584866020
3997082580206616
3997082568575571
3997082564377624
3997082547901607
3997082543055120
3997082542886806
3997082538690570
3997082517874127
3997082475730443
3997082463315205
3997082450725085
3997082350324453
3997082321260486
3997084677974142
3997084564920513
3997084476527918
3997084455542233
3997084363471861
3997084346111376
3997084292364800
3997084278989176
3997084183389684
3997083553486295
3997084686368362
3997084623415834
3997084493765735
3997084463716231
3997084362892144
3997084350880992
3997084350656366
3997084313109278
3997084312550097
3997084304715875
3997084301057101
3997084287379363
3997084258317826
3997084221232635
3997084166221696
3997084111963058
3997084095157777
3997084053424377
3997084052656925
3997083997912257
3997083960576625
3997083960155460
3997083901812845
3997083859471773
3997083855636875
3997083772441372
3997083722266740
3997083692203842
3997083440342129
3997083436146940
3997088334952613
3997088280415574
3997087819589200
3997087739494548
3997087232151971
3997086531934542
3997086359276810
3997086318130413
3997086070526096
3997085902928754
3997085697274427
3997085546189753
3997085142931569
3997084804424243
3997088360124168
3997088355998064
3997088331094191
3997088330814027
3997088322366603
3997088302120872
3997088276219453
3997088268116133
3997088247503126
3997088167676939
3997088133795883
3997088083739601
3997088080150603
3997088079228875
3997087949365251
3997087928019258
3997087907042908
3997087895554000
3997087857735610
3997087853165798
3997087845132809
3997087840572813
3997087832178462
3997087828321203
3997087781817787
3997087689482181
3997087680730059
3997087630722735
3997087626908719
3997087626523625
3997087609183498
3997087580669878
3997087580244109
3997087576692593
3997087576158825
3997087576157945
3997087576047763
3997087576047716
3997087571426578
3997087571426514
3997087571426345
3997087571426200
3997087571426062
3997087571426054
3997087571425965
3997087571425874
3997087559370250
3997087550976739
3997087487912946
3997087479518938
3997087450140201
3997087445944178
3997087441374121
3997087437548599
3997087434117887
3997087367162714
3997087319975584
3997087304136468
3997087295516445
3997087257457460
3997089685545857
3997089627709132
3997089464016560
3997089355172114
3997089098413664
3997088725359038
3997088688098991
3997088650074939
3997088628830806
3997067586006276
3997089714911608
3997089602013588
3997089589245677
3997089581027139
3997089463768007
3997089392226934
3997089367384092
3997089308276281
3997089287956535
3997089190964112
3997089086593047
3997088889673304
3997088880652020
3997088834234348
3997088826088946
3997088817138506
3997088800658080
3997088788673127
3997088696238885
3997088679692022
3997088633640564
3997088628830806
3997088582923104
3997088549887285
3997088499304401
3997088465408487
3997088457014482
3997088456612777
3997088444149921
3997088436471599
3997090843951692
3997090784714734
3997090562083219
3997090348126783
3997090205488227
3997090134759314
3997090126363237
3997089841692652
3997089732124167
3997084174108960
3997090982610382
3997090969130470
3997090788944593
3997090788626251
3997090784714734
3997090726251861
3997090675584522
3997090651251612
3997090596310440
3997090591955873
3997090508662577
3997090491234838
3997090382116375
3997090373721696
3997090356517000
3997090314564334
3997090193513148
3997090180317293
3997090135241290
3997090117969056
3997090109197201
3997090101623492
3997090093118331
3997090093114838
3997090092789776
3997090092667324
3997090092217305
3997090092217054
3997090088021807
3997090022073958
3997090001067534
3997090000326707
3997089971545238
3997089945901703
3997089942143070
3997089941566123
3997089916383464
3997089836310530
3997089827920026
3997089790880427
3997089777840264
3997092227528937
3997091955305010
3997091670126391
3997091602401481
3997091568673612
3997091350521773
3997092390670546
3997092353187017
3997092302572369
3997092261108451
3997092211516843
3997092189923795
3997092177906595
3997092168769148
3997092156906033
3997092105985223
3997091963554205
3997091908809932
3997091853947446
3997091728537433
3997091652993982
3997091644598306
3997091615215359
3997091606823265
3997091603370931
3997091540109516
3997091485132248
3997091460529502
3997091459597682
3997091455988975
3997091455988356
3997091435551673
3997091422948853
3997091405622428
3997091351056422
3997091350809082
3997091165931681
3997091099242136
3997079615429975
3997093632189831
3997093209244718
3997092840318217
3997092823030583
3997092487633239
3997093754285715
3997093699312789
3997093666139733
3997093661942907
3997093611213928
3997093531505132
3997093523739467
3997093510842930
3997093477264213
3997093469854901
3997093451796995
3997093431409827
3997093389384692
3997093301571433
3997093226108470
3997093225516113
3997093209244718
3997093116914053
3997093113248846
3997093112915790
3997093112718658
3997093108177452
3997093104844066
3997093066097545
3997093058160634
3997093045568739
3997093028431432
3997092986812468
3997092966112668
3997092948945923
3997092927958800
3997092881507796
3997092877591876
3997092852771492
3997092848213578
3997092789454015
3997092768468010
3997092739451843
3997092726859581
3997092675943285
3997092651486844
3997092609343534
3997092605147253
3997092571444849
3997092563179412
3997092529468775
3997092500224036
3997095000240982
3997094903714358
3997094484770128
3997094425540704
3997094064633819
3997093921927585
3997095134862996
3997095134677208
3997095130481445
3997095130079868
3997095130079575
3997095130079452
3997095130078852
3997095129930911
3997095129929473
3997095129928702
3997095129928297
3997095129928214
3997095125883642
3997095125733180
3997095125423197
3997095125422771
3997095125422740
3997095125422615
3997095125422547
3997095125422526
3997095125422248
3997095104447994
3997095083915855
3997095071853857
3997095062775934
3997095049909292
3997095045986253
3997095000240982
3997094957613962
3997094916305501
3997094908084164
3997094895941825
3997094886295955
3997094882732460
3997094874937214
3997094874161294
3997094870737679
3997094865320285
3997094853354535
3997094836566748
3997094777806869
3997094765218023
3997094731455107
3997094702265041
3997094702264891
3997094693682151
3997094618134373
3997094605479343
3997094571917354
3997094555178589
3997094509753475
3997094366785087
3997094354571070
3997094244849512
3997094212214463
3997094206933142
3997094123983303
3997094064876260
3997094010071652
3997093980392474
3997096438835860
3997096061058088
3997096031974182
3997095990002983
3997095918648105
3997095650279734
3997095604108809
3997095591093014
3997095550177393
3997095503284432
3997095424359452
3997095269110647
3997095264391140
3997095155877849
3997095134128192
3997090151172112
3997096434887161
3997096409669996
3997096363436848
3997096241287477
3997096228695804
3997095952385823
3997095943230556
3997095881601778
3997095805256648
3997095793372182
3997095733897469
3997095675464424
3997095629601819
3997095612162228
3997095549754132
3997095541348576
3997095482777671
3997095423927250
3997095407098348
3997095398336087
3997095393917575
3997095378118229
3997095377717248
3997095377343806
3997095344137211
3997095327518949
3997095290125705
3997095247603344
3997095222286337
3997095213523017
3997095180304226
3997095180302744
3997095167375079
3997097700987201
3997097679786376
3997097328076839
3997097319277368
3997097311621520
3997097146996045
3997097085210406
3997096812107879
3997096677573287
3997096623244618
3997096589667715
3997095130081316
3997097676164464
3997097650618102
3997097643082719
3997097642805326
3997097587653755
3997097550904773
3997097545540296
3997097478417658
3997097424343382
3997097391168599
3997097390769628
3997097349061733
3997097302489550
3997097274052276
3997097101717759
3997097038480319
3997096954804411
3997096938017196
3997096853861675
3997096799296144
3997096749513600
3997096635598963
3997096622856077
3997096573631720
3997096543764548
3997096535814243
3997096514803790
3997099173365759
3997098964105427
3997098929679287
3997098502421707
3997098489831707
3997098389108759
3997098263675024
3997098111890116
3997098107877071
3997098054111705
3997098032325382
3997097822792248
3997091103709821
3997099202579428
3997099189989379
3997099165513671
3997099140073865
3997099127730922
3997099118640184
3997099089259612
3997099014498810
3997098997183932
3997098993262943
3997098900642662
3997098875666342
3997098804109243
3997098648809451
3997098644410349
3997098628462132
3997098620055308
3997098515275644
3997098498466193
3997098477717417
3997098397870006
3997098397234668
3997098385267857
3997098363337011
3997098346867018
3997098330904372
3997098318300536
3997098305692443
3997098292304417
3997098280480649
3997098271599760
3997098233827616
3997098146288555
3997098032325382
3997097936728049
3997097886297677
3997097877894618
3997097877284763
3997100511080541
3997100406406921
3997099852973936
3997099668693570
3997099546483542
3997099463078278
3997099311705374
3997100498765187
3997100449167797
3997100439985287
3997100410890156
3997100410890082
3997100410288534
3997100355752103
3997100247763107
3997100201047346
3997100187949024
3997100159769840
3997100159296074
3997100159295670
3997100159076294
3997100159076140
3997100158766346
3997100158764365
3997100146690558
3997100075506725
3997100066745183
3997100062905693
3997100062488200
3997100062095393
3997100003728623
3997099957561172
3997099840715020
3997099747463393
3997099734878329
3997099663562417
3997099647222862
3997099555267026
3997099496690799
3997099479328362
3997099454069709
3997099399532848
3997099337289457
3997099290872567
3997098808305109
3997101891504000
3997101828150686
3997101794982880
3997101794399979
3997101748404976
3997101727418866
3997101719287108
3997101664353151
3997101648102432
3997101551582603
3997101501499000
3997101488631851
3997101434338047
3997101425946728
3997101417851176
3997101328968787
3997101278406452
3997101165765819
3997101123583524
3997101103106730
3997101044721359
3997101022858869
3997101019339760
3997101018662988
3997100985314750
3997100931015338
3997100909501757
3997100876728726
3997100875941600
3997100855225819
3997100833990890
3997100804860263
3997100771286550
3997100754499337
3997100667097094
3997100662169078
3997100657797551
3997100633496454
3997100603684488
3997103183117289
3997103095244436
3997103040081428
3997102700965459
3997102596260824
3997102474332136
3997102159372001
3997101568847469
3997101467468928
3997101412649181
3997101208318753
3997101098018712
3997101027057570
3997100948079714
3997100641453779
3997103233238322
3997103216446866
3997103191104757
3997103183117289
3997103178663167
3997103120726384
3997103115963620
3997103103007295
3997103073990116
3997103065865079
3997103020162247
3997102990035605
3997102964569509
3997102960934486
3997102927353494
3997102910032784
3997102880667068
3997102859907480
3997102826849748
3997102800959498
3997102759724592
3997102742228250
3997102726559413
3997102713638616
3997102697141167
3997102696453633
3997102683858760
3997102680279994
3997102679660806
3997102676129823
3997102676129222
3997102675781620
3997102675466055
3997102675465818
3997102675465035
3997102675464927
3997102675464905
3997102675464751
3997102675464673
3997102670910981
3997102670910942
3997102670910880
3997102659272698
3997102642205615
3997102638584715
3997102595716920
3997102491810859
3997102461742384
3997102424244184
3997102423885838
3997102377717793
3997102360925980
3997102348150380
3997102306719460
3997102281180856
3997102251802530
3997102218224911
3997102159372221
3997102075779935
3997102021338653
3997104470789205
3997104316309183
3997104152453422
3997103905068173
3997103896335573
3997103606553532
3997103464459527
3997103430526773
3997103418155241
3997103409762187
3997105837710582
3997105242494582
3997105234426597
3997105201244204
3997105142057768
3997104684310240
3997105888366171
3997105867639660
3997105838453036
3997105792089667
3997105787368964
3997105725265462
3997105632149796
3997105603469090
3997105511246930
3997105489875307
3997105443978238
3997105439173486
3997105389417918
3997105304929323
3997105296798439
3997105275813287
3997105225221555
3997105196317314
3997105192842059
3997105192422056
3997105187465280
3997105187465158
3997105171831177
3997105150146247
3997105112821077
3997105100214633
3997105008044780
3997104999356141
3997104957818882
3997104953187348
3997104944792706
3997104802419307
3997104713872019
3997104667700898
3997104601482291
3997104546629018
3997104516504605
3997104265896275
3997104101727030
3997104022454551
3997104017639878
3997103945963803
3997103937889392
3997103920793256
3997103820371473
3997103686484143
3997103678727167
3997103657107207
3997103539862137
3997103539394282
3997103498076468
3997103493698480
3997103464457676
3997103430525784
3997103326360858
3997103321623506
3997107092378089
3997106814910845
3997106596764290
3997106559436024
3997106525853455
3997106483876772
3997106219705402
3997105959724168
3997107206158929
3997107096791715
3997107092590351
3997107092378089
3997107076182765
3997107054220970
3997107003851675
3997106970532107
3997106954195637
3997106836368666
3997106786268354
3997106702329583
3997106685542383
3997106677148326
3997106655495939
3997106618203516
3997106572404755
3997106538445971
3997106525853455
3997106455190296
3997106450507176
3997106413001757
3997106391465267
3997106370546977
3997106329424102
3997106303654894
3997106240928289
3997106198719015
3997106106815995
3997106060202898
3997106035263761
3997105947383826
3997105108480061
3997108555830965
3997108468161968
3997108212147507
3997107620371442
3997107524080681
3997107461781879
3997107213446692
3997108598664233
3997108568623702
3997108560845615
3997108555829597
3997108506225930
3997108451866232
3997108417796322
3997108329959791
3997108295845046
3997108254115414
3997108253877336
3997108148952261
3997108116292073
3997108006059712
3997107977394283
3997107851211602
3997107822713214
3997107801127814
3997107763352189
3997107725288009
3997107713356352
3997107709525880
3997107708497622
3997107708469739
3997107646513956
3997107478227230
3997107411077354
3997107301960478
3997109499804659
3997109390574745
3997109088393357
3997108987896063
3997108912343249
3997108854409582
3997108765370847
3997108761677818
3997109873408373
3997109847862536
3997109806156298
3997109768658092
3997109756269082
3997109756268053
3997109697461454
3997109641879630
3997109360810497
3997109318859644
3997109298237945
3997109290230331
3997109218884234
3997109172719660
3997109164324872
3997109038052686
3997109013507779
3997109000485456
3997108971773552
3997108962540556
3997108854409582
3997108828917778
3997108660493930
3997110674869294
3997110456590263
3997110372204165
3997110221116572
3997111231721011
3997111231548606
3997111227353558
3997111223876984
3997111181612344
3997111073110189
3997111059888095
3997110950479882
3997110846205909
3997110824627780
3997110812484046
3997110783100767
3997110728695264
3997110728528617
3997110723946580
3997110510514142
3997110476932388
3997110472504677
3997110447334503
3997110405384073
3997110402007928
3997110343374348
3997110325803638
3997110279868683
3997110258556083
3997110242105680
3997110238355462
3997110238352683
3997110237907026
3997110234150421
3997110233963347
3997110233961506
3997110233711504
3997110229949522
3997110229947925
3997110229946558
3997110229946314
3997110229945818
3997110229766879
3997110229513502
3997110229511486
3997110229511258
3997110229511256
3997110225956295
3997110225954889
3997110225954451
3997110225747116
3997110225568962
3997110225568626
3997110225315756
3997110224994579
3997110220799863
3997110220799673
3997110195935076
3997110162739126
3997110132973596
3997110057412965
3997109998938088
3997109952775833
3997112330658643
3997112041521119
3997111459064024
3997111235917612
3997107709526937
3997112490998807
3997112490996463
3997112330658643
3997112271664223
3997112217591199
3997112212933588
3997112133227578
3997112125681386
3997111995052277
3997111936371903
3997111924642577
3997111898565400
3997111752516845
3997111722825771
3997111701842172
3997111639470556
3997111626300528
3997111567154896
3997111479057808
3997111479057787
3997111459064024
3997111416713410
3997111324385245
3997111291266364
3997113484036169
3997113312291528
3997113081310599
3997113912260909
3997113870490809
3997113702978715
3997113693957744
3997113660379899
3997113563480524
3997113522335373
3997113476050464
3997113447264961
3997113408559862
3997113328819134
3997113199386295
3997113056272223
3997112994064714
3997112980985305
3997112808631257
3997112805566971
3997112754830039
3997112742111015
3997112737314920
3997112733827295
3997112654579886
3997112545287828
3997111479058000
3997115199925478
3997114848114539
3997114713153534
3997114600764830
3997114109238748
3997114000094442
3997115174746343
3997115171019259
3997115145813446
3997115007463328
3997115002127220
3997114872342756
3997114797100447
3997114754880790
3997114596075944
3997114550346304
3997114524272269
3997114465770666
3997114465770382
3997114281340664
3997114265182134
3997114214516143
3997114168297896
3997114130224612
3997114000094227
3997114000094196
3997113995572799
3997113995572742
3997113966818611
3997116517483519
3997116479203408
3997116340929523
3997116235783984
3997115917380349
3997116537625012
3997116521171875
3997116412348645
3997116290783575
3997116282511229
3997116265575117
3997116231491968
3997116189520356
3997116089388717
3997116034116130
3997115950650815
3997115925783246
3997115916973727
3997115761435819
3997115757240519
3997115699592561
3997115589594717
3997115510234205
3997115426167980
3997115425830644
3997115422850705
3997115379996542
3997115309217180
3997115262878691
3997115258681292
3997115258262764
3997115258261178
3997115258261012
3997117855530301
3997117842919255
3997117200530188
3997116948683070
3997116693662361
3997116671934398
3997116558240160
3997117896924625
3997117879696001
3997117862905838
3997117862650513
3997117847129216
3997117841674848
3997117838413199
3997117812990874
3997117812571096
3997117792173709
3997117779564110
3997117779416424
3997117775365604
3997117775220437
3997117775220406
3997117775219714
3997117775219512
3997117775219495
3997117775016184
3997117775016170
3997117775016164
3997117775016065
3997117775015938
3997117775015815
3997117775015805
3997117770619745
3997117770619721
3997117770619693
3997117770619637
3997117770619536
3997117762423944
3997117683193766
3997117524139838
3997117523677933
3997117360560923
3997117313841193
3997117289147605
3997117280009660
3997117267207754
3997117213453791
3997117149895394
3997117104003695
3997116982559189
3997116885723128
3997116864739216
3997116856090672
3997116827278503
3997116772397557
3997116617697778
3997116601245224
3997119134412051
3997118836716283
3997118815192957
3997118542712816
3997118240391711
3997119243449078
3997119226330490
3997119033769587
3997118781614530
3997118525474954
3997118479328823
3997118378903340
3997118328534663
3997118324336664
3997118278556832
3997118232259606
3997118110548439
3997118014011103
3997117909076328
3997120345884595
3997120078050329
3997119926758272
3997119473945770
3997120338455542
3997120300213802
3997120296274575
3997120296017256
3997120292224583
3997120292076233
3997120292074745
3997120292074051
3997120291409265
3997120258871688
3997120203523277
3997120137034201
3997120094387550
3997120065446834
3997120040659190
3997120040658949
3997120023034923
3997119705057422
3997119662539795
3997119314466925
3997121545428226
3997121520257022
3997121042584355
3997120577473205
3997121902458361
3997121797136262
3997121797136043
3997121675477644
3997121655098043
3997121633847101
3997121554502579
3997121550300991
3997121545428591
3997121545428506
3997121478814834
3997121441326122
3997121218207222
3997121038747126
3997120825118130
3997120807085794
3997120794855405
3997120707330795
3997120703129277
3997120698680431
3997120656709606
3997123152141158
3997122740731383
3997122409760596
3997122116237248
3997112784246017
3997123227367834
3997123152341462
3997123022847407
3997123021806037
3997122959816289
3997122904720611
3997122879800294
3997122862528399
3997122854000407
3997122850422901
3997122841543881
3997122816846002
3997122699501369
3997122280102841
3997122124354072
3997122053285455
3997122023883701
3997122007095877
3997124393490962
3997124271694883
3997124061937402
3997123986980075
3997123852947321
3997123501037993
3997124754488615
3997124737410748
3997124729306273
3997124683725141
3997124649951811
3997124624340822
3997124569776307
3997124515209831
3997124464844195
3997124205568715
3997124166816053
3997124133255018
3997124070918807
3997124070327674
3997124067175606
3997123563372443
3997123424875946
3997126050886946
3997126046683333
3997125978852497
3997125907694080
3997125346460880
3997125328605539
3997125282780622
3997125060898395
3997124855212062
3997124830032079
3997124779937390
3997126075340082
3997125916754278
3997125915925487
3997125828753364
3997125668412449
3997125627559292
3997125576996476
3997125576996057
3997125576576289
3997125501031241
3997125475435907
3997125442022784
3997125421297003
3997125412509227
3997125338054695
3997125337343759
3997125333720664
3997125333405070
3997125333143818
3997125329644205
3997125329209757
3997125329208732
3997125329207542
3997125328948353
3997125328947877
3997125328947499
3997125328946453
3997125328945654
3997125324750699
3997125324410649
3997125324410119
3997125320215316
3997125320215229
3997125266897553
3997125127238660
3997125089983398
3997125073194226
3997124855212062
3997124825833437
3997124821352659
3997123772472710
3997127359231322
3997126768241852
3997126679615488
3997126566208505
3997126281039553
3997126192542151
3997126079546292
3997127430108385
3997127350599900
3997127179482402
3997127103856326
3997126914633234
3997126860394561
3997126792929502
3997126583891165
3997126583343633
3997126465225847
3997126440280095
3997126415461548
3997126407679354
3997126326786157
3997126192542151
3997126159303425
3997124868169993
3997128583506111
3997127892068747
3997127677358779
3997127582064985
3997127498036832
3997128743386538
3997128596494956
3997128428904076
3997128214857278
3997128093521355
3997128059407156
3997127967861367
3997127862651078
3997127862650000
3997127846098412
3997127842050702
3997127842044748
3997127841407994
3997127841407606
3997127660925114
3997127628288657
3997127589789487
3997127582064985
3997124883920643
3997130136342888
3997130031571875
3997129858731473
3997129833544973
3997129795631595
3997129732705166
3997129715924733
3997129707534020
3997129606851625
3997129599031590
3997129481218685
3997129477525720
3997129338770384
3997129292596746
3997129137721464
3997129128902259
3997129112447865
3997129100488477
3997129099519511
3997131129411364
3997131032924596
3997130328798846
3997131390390723
3997131277060752
3997129993305233
3997131049704591
3997130957412053
3997130810583512
3997130782104025
3997130635538476
3997130458194919
3997130445610289
3997130391751476
3997130362950192
3997130361707605
3997130357980741
3997130353978333
3997130353317312
3997130353317299
3997130353317180
3997130345387701
3997130211289662
3997132418120722
3997131633773803
3997131616476335
3997131498959860
3997132853486349
3997132736867071
3997132622937342
3997132618406995
3997132618406828
3997132547091019
3997132418120722
3997132266457939
3997132132418762
3997131930413727
3997131679429011
3997131666836904
3997131616096858
3997131616095624
3997131616094903
3997131566110316
3997133600833722
3997133553649381
3997133415885128
3997133160488967
3997133046312972
3997132870112887
3997134153834966
3997134136766003
3997133847885321
3997133822703350
3997133717593476
3997133714017851
3997133629652814
3997133629161233
3997133579295454
3997133436187111
3997133377886784
3997133373260747
3997133331948913
3997133281355108
3997133239383863
3997133163506875
3997133126061400
3997133121555923
3997133108971190
3997132975483331
3997132954832854
3997132941167909
3997132925678447
3997132900459861
3997132895970323
3997132895742054
3997132882698315
3997132875238236
3997132875237338
3997132874953090
3997132874952543
3997132874950211
3997132874949768
3997132874759319
3997132874758799
3997132874758714
3997132874757937
3997132874757811
3997132874757742
3997132874757685
3997132874757599
3997132874472224
3997132874471994
3997132870112812
3997132870112807
3997135390980568
3997135332218920
3997135140096335
3997135085342783
3997134858542871
3997134774486380
3997134317674577
3997135483123613
3997135475217036
3997129812557003
3997135437444857
3997135432955739
3997135408066614
3997135395175565
3997135391923388
3997135391277716
3997135391277595
3997135366715953
3997135286881110
3997135207317149
3997135202364825
3997135198483959
3997135114545700
3997135043201977
3997135034248948
3997135026415552
3997134916949651
3997134887921926
3997134824965380
3997134766465030
3997134656957601
3997134543907446
3997134385195364
3997134385001598
3997134359987980
3997134245838062
3997136712027124
3997136670553190
3997136531637710
3997136507525872
3997136452581941
3997136133412509
3997135747153946
3997135701580730
3997135656115112
3997135626301579
3997136733002741
3997136716720480
3997136691052099
3997136657962597
3997136649569393
3997136649568506
3997136649431108
3997136611797851
3997136569832197
3997136569393246
3997136456354471
3997136451930663
3997136263151281
3997136099830280
3997136058357387
3997136024279991
3997136016363088
3997135894976271
3997135852675906
3997135844283507
3997135769292026
3997135764534655
3997135713918431
3997135692879614
3997135617908528
3997135605317332
3997138104860980
3997137509822505
3997137350439171
3997136951148908
3997138192971090
3997138192627905
3997138175954820
3997138088553336
3997138054937246
3997137941417656
3997137940923520
3997137907837271
3997137907362445
3997137816248827
3997137719344696
3997137689930692
3997137496811598
3997137417657125
3997137342003806
3997137303693484
3997137303272677
3997137153511974
3997136934693697
3997136926205562
3997136917588181
3997136880642328
3997136863896864
3997139182696924
3997139426686700
3997139422483238
3997139354523569
3997139317700060
3997139195485051
3997139165620708
3997139094765464
3997139069134444
3997139015290010
3997138872592979
3997138864198688
3997138729904001
3997138624986363
3997138411798687
3997138399196443
3997138352451185
3997138315162259
3997138301866511
3997140663728909
3997140604811153
3997140428530850
3997140181786397
3997140121830318
3997140827624679
3997140793336069
3997140767865431
3997140763670381
3997140676161252
3997140675574368
3997140625426120
3997140566503526
3997140546050084
3997140516866774
3997140454084101
3997140453588718
3997140441715980
3997140433310069
3997140433308388
3997140432727918
3997140429109126
3997140429109041
3997140429107499
3997140429107184
3997140428863201
3997140428532997
3997140428531228
3997140428404819
3997140428403954
3997140428403239
3997140428403192
3997140428067754
3997140424335726
3997140424335674
3997140424335292
3997140424335039
3997140424334947
3997140424207937
3997140423873260
3997140423872890
3997140423872851
3997140353523993
3997140281241286
3997140173386742
3997140126491310
3997140079879177
3997139921606200
3997139891468305
3997139832712017
3997139715462368
3997142005799924
3997141871240444
3997141750309638
3997141682362959
3997141502674256
3997141070426012
3997140919335426
3997142026854634
3997141997408572
3997141913208460
3997141837337045
3997141800749582
3997141800156825
3997141767127882
3997141758188180
3997141750309638
3997141749240644
3997141682641754
3997141682363425
3997141628465355
3997141544692776
3997141414301455
3997141321609944
3997141275806087
3997141196330593
3997141179229389
3997141178978094
3997141178977980
3997141175032716
3997141153808225
3997141024393522
3997141023932708
3997140927277001
3997140927276680
3997140923792594
3997143448576364
3997143343641072
3997143087862085
3997143033089370
3997143025517432
3997142983245386
3997142965929543
3997142748696603
3997142714571341
3997142710631335
3997142701509970
3997142371097528
3997142211709579
3997143545254060
3997143516107238
3997143511908461
3997143507340686
3997143444377786
3997143351844409
3997143343449856
3997143288878674
3997143260030391
3997143071073196
3997143012103265
3997142990967363
3997142978381958
3997142961602250
3997142941461496
3997142940626234
3997142874062504
3997142722484605
3997142705955087
3997142508911056
3997142495954621
3997142252644334
3997142240058737
3997142224077525
3997144430577639
3997144400570410
3997144123814417
3997143951991314
3997143709160584
3997143691588169
3997143687082713
3997143574498737
3997144866432867
3997144702368359
3997144676853193
3997144584561526
3997144522771625
3997144463166202
3997144451584568
3997144442388590
3997144400808533
3997144325285013
3997144266524984
3997144262755747
3997144262326771
3997144198943613
3997144195428034
3997144178379234
3997144102829339
3997143767143911
3997143758748652
3997143746978723
3997143695961259
3997143695472174
3997143573816507
3997143561907755
3997145960534842
3997145202034655
3997145973922716
3997145973756486
3997145965354837
3997145960763270
3997145901804866
3997145889219675
3997145793186781
3997145771758292
3997145567170809
3997145558163905
3997145495130397
3997145457698986
3997145457697557
3997145457696623
3997145457351733
3997145457350057
3997145457130861
3997145214278837
3997145038438574
3997144983329155
3997144958864835
3997147428532454
3997147416943039
3997147202961069
3997146715978524
3997146686343158
3997146459699330
3997146418317543
3997146396555447
3997146259346891
3997147529966949
3997147320314912
3997147311186250
3997147134880582
3997147130685532
3997146971488177
3997146967992547
3997146904337077
3997146816058731
3997146766091318
3997146716477025
3997146715978816
3997146715722297
3997146715377145
3997146686343158
3997146653458977
3997146569086401
3997146518724278
3997146485530042
3997146484880668
3997146472925414
3997146464521493
3997146463675502
3997146459969884
3997146338525274
3997146317542069
3997146304673766
3997146259345457
3997148708189380
3997148167061067
3997147998989800
3997147856544130
3997147727267298
3997147700946717
3997148804237599
3997148791713714
3997148729454285
3997148674849059
3997148577938706
3997148524252814
3997148477656987
3997148477208191
3997148447662225
3997148381657988
3997148309751479
3997148280210697
3997148263081845
3997148226459415
3997148226456804
3997148179649143
3997148046056196
3997148019769307
3997148004032672
3997147995621706
3997147978263906
3997147974607590
3997147974604238
3997147974472468
3997147974258818
3997147974258423
3997147974258079
3997147974258068
3997147974257886
3997147974257603
3997150054195853
3997149878183527
3997149866036304
3997149575858504
3997149517897996
3997149245122120
3997149086105563
3997149081295553
3997139207571327
3997150209857165
3997150188873685
3997150179940805
3997150147183351
3997149961800229
3997149945335017
3997149928549159
3997149882379710
3997149735490957
3997149693921459
3997149539297352
3997149488136380
3997149350129370
3997149350040267
3997149283172284
3997149274498905
3997149265698612
3997149241538955
3997149232530623
3997149231866385
3997149089841928
3997149073383520
3997148980720538
3997148980427541
3997148959452376
3997148938599847
3997147974065856
3997147974065764
3997147973624024
3997147973623932
3997151337502703
3997151283179948
3997151245965568
3997151241763047
3997151124715193
3997151036131648
3997150733941504
3997150536603333
3997150516288943
3997150499484684
3997150272927268
3997151501436664
3997151401147143
3997151304476478
3997151224237167
3997151215847402
3997151195040323
3997151162211311
3997151153809061
3997151073587933
3997151052600588
3997151007026613
3997150880245178
3997150801773364
3997150784620057
3997150725805339
3997150662520240
3997150604102695
3997150528896370
3997150502957411
3997150490781221
3997150490372394
3997150490372191
3997150490372168
3997150490372163
3997150272927268
3997150230840220
3997150230281349
3997152566381885
3997152390190929
3997152373887738
3997152180440528
3997152092950077
3997152059890749
3997152017145202
3997151971242114
3997151765586708
3997151664713782
3997151623516395
3997148427261637
3997152784915652
3997152705413674
3997152675452642
3997152621733486
3997152613577440
3997152583933594
3997152567372503
3997152310932618
3997152294146198
3997152289949589
3997152240232232
3997152222799288
3997152160441286
3997152113582195
3997152088412329
3997152071965915
3997152063834656
3997152038130909
3997152001342568
3997152000316394
3997152000316379
3997151950939976
3997151920611058
3997151883103094
3997151879261130
3997151861880546
3997151766343697
3997151749272213
3997151749076771
3997151748614421
3997151732288728
3997151664855347
3997151660659562
3997151627370748
3997151623516395
3997151568590114
3997154089662931
3997154064916664
3997153937896308
3997153817127255
3997153804024094
3997153699748742
3997153607023323
3997153162593119
3997153103619750
3997153058304111
3997152847604969
3997154089662931
3997154031116631
3997154030401243
3997153934268428
3997153880348304
3997153820810091
3997153795628702
3997153787382727
3997153761704742
3997153745262623
3997153720498057
3997153699748742
3997153695317089
3997153683159716
3997153681999172
3997153589970780
3997153564800650
3997153553200784
3997153552459881
3997153527451401
3997153485483559
3997153447339807
3997153367791296
3997153351002080
3997153300513361
3997153259204742
3997153209058999
3997153191441878
3997153150467494
3997153099150900
3997153078651691
3997153058304111
3997153049275189
3997153007887638
3997153007306102
3997152994716445
3997152960917079
3997152948326132
3997152907354365
3997152890319760
3997155470014878
3997155423353478
3997155256023358
3997155108593825
3997154877699424
3997154760518576
3997154668109956
3997154567150323
3997154516809667
3997154303315503
3997154283071533
3997154189890374
3997155532189326
3997155528572481
3997155528569832
3997155528417261
3997155528273628
3997155527992061
3997155527991662
3997155527991652
3997155527544177
3997155527543867
3997155527543835
3997155527543708
3997155524078244
3997155524077692
3997155524076600
3997155523797136
3997155523796412
3997155523795626
3997155523349325
3997155523349252
3997155523349196
3997155523349026
3997155523348878
3997155523348797
3997155503212045
3997155435656399
3997155406274491
3997155331227310
3997155272824348
3997155256023358
3997155180413526
3997155087873142
3997155075669906
3997155042062515
3997155020399357
3997155020210911
3997154961967768
3997154899513482
3997154857332237
3997154768837230
3997154705960638
3997154663992100
3997154613891776
3997154529394682
3997154517004209
3997154403544617
3997154379247835
3997154350023037
3997154328497985
3997154312031136
3997154265430701
3997156828504994
3997156551893262
3997156475842104
3997156451468297
3997156287394464
3997156265983486
3997156153100898
3997156056577519
3997155901076030
3997155754418366
3997156870101977
3997156857098444
3997156782338239
3997156781849688
3997156773459728
3997156724005592
3997156711267577
3997156635458630
3997156614084010
3997156614082941
3997156555586161
3997156526820068
3997156454639722
3997156451468297
3997156375266303
3997156367440484
3997156170133218
3997156119528455
3997156056575722
3997156047725539
3997155980832860
3997155867979201
3997155775646086
3997155775645056
3997155754662114
3997155666520795
3997155662675201
3997155619834832
3997155615640230
3997155611955694
3997155553796090
3997155536823458
3997158087210495
3997158061297797
3997157822064305
3997157734182532
3997157620858675
3997157415035331
3997157185308632
3997157112994880
3997156932609064
3997158200388269
3997158182749108
3997158154029632
3997158136574409
3997158128448934
3997158115856445
3997158040602523
3997158040089430
3997158040089151
3997157998340320
3997157948832171
3997157931189757
3997157927292262
3997157834961901
3997157830765409
3997157789076618
3997157742627509
3997157646506948
3997157549503594
3997157524319475
3997157491328858
3997157432516521
3997157386083360
3997157252115484
3997157151396403
3997157138458500
3997157096836477
3997157033525683
3997157008119921
3997156920571150
3997156920569433
3997156911634377
3997156886888722
3997159198155702
3997159009043277
3997158791522905
3997158564948826
3997158543961941
3997158291789410
3997159525715805
3997159504284404
3997159496574108
3997159445153747
3997159404073032
3997159298893080
3997159298643716
3997159295185980
3997159240575146
3997159206304069
3997159135465630
3997159131006334
3997159101628494
3997159076918527
3997159064411404
3997159059408082
3997159051264287
3997159022307498
3997158879201413
3997158833535592
3997158795724549
3997158686399939
3997158648627994
3997158636742108
3997158602460685
3997158544189220
3997158367421420
3997158313810699
3997158291789410
3997158275362293
3997158237254382
3997160805125107
3997160737359168
3997160683065019
3997160649489923
3997160565551969
3997160238676242
3997160179237968
3997159894018308
3997159625763475
3997159597134727
3997160834185842
3997160808708118
3997160808266321
3997160766578282
3997160728967091
3997160716897326
3997160683065019
3997160657245846
3997160628505545
3997160615915006
3997160594490375
3997160570024825
3997160561355049
3997160557158462
3997160557158423
3997160497834700
3997160486012592
3997160481054925
3997160465340980
3997160418129276
3997160405544569
3997160393487355
3997160372300870
3997160351010145
3997160334230328
3997160313749078
3997160309060494
3997160305146343
3997160167272853
3997160167121963
3997160104606263
3997160053804187
3997160053165295
3997159990852866
3997159945262873
3997159927577713
3997159869663242
3997159801780215
3997159769109945
3997159752310633
3997159722298262
3997159587783797
3997159563521935
3997159558844329
3997159558843266
3997159550451141
3997159550028328
3997162071770019
3997162058489876
3997161824068781
3997161795007561
3997161433324972
3997160917669811
3997162213870640
3997162184492096
3997162147057346
3997162142850823
3997162066982454
3997162066516179
3997161965834637
3997161941788804
3997161815060400
3997161802470665
3997161773469537
3997161739896329
3997161685701056
3997161677640211
3997161643242934
3997161613991502
3997161610429711
3997161580417304
3997161563498808
3997161563109123
3997161538315468
3997161483403509
3997161462770949
3997161446515720
3997161341453983
3997161308467413
3997161169239968
3997161106723546
3997161089331945
3997161085702938
3997161073459996
3997161043732078
3997160976581986
3997160917669811
3997163450875256
3997163413849885
3997163321040322
3997163224501412
3997163094039329
3997162792767633
3997162683787963
3997162653820562
3997162624898201
3997162582614152
3997162452829012
3997162225926524
3997163597443084
3997163593568468
3997163577382276
3997163577041964
3997163576468094
3997163560255046
3997163472123181
3997163388187174
3997163325235923
3997163325226242
3997163324766408
3997163309085647
3997163249958004
3997163245762144
3997163232895909
3997163228699947
3997163228699556
3997163212397037
3997163187004455
3997163144749317
3997163115367241
3997163111455157
3997163099492968
3997163081788199
3997163078482335
3997163077592516
3997163077590823
3997163074280839
3997163074280110
3997163074278771
3997163073961856
3997163073958542
3997163073958102
3997163073683298
3997163073395762
3997163073394750
3997163073063606
3997163073063589
3997163073063495
3997163073063446
3997163073063363
3997163073063360
3997163056609319
3997163019673018
3997162994464851
3997162989162427
3997162910380444
3997162822144514
3997162734527295
3997162641372649
3997162600355910
3997162570339573
3997162549357280
3997162365009933
3997162318451746
3997162259692607
3997164886019227
3997164579899657
3997164566488394
3997164332569685
3997164223332885
3997164097283273
3997164038438191
3997163849584728
3997164957181976
3997164928057969
3997164886019227
3997164835884570
3997164835089839
3997164763743471
3997164759545124
3997164520583740
3997164411276845
3997164398870417
3997164398691825
3997164332269869
3997164331958559
3997164331958425
3997164223332885
3997164219397463
3997164218305856
3997164143492919
3997164134965810
3997164080773476
3997164059424113
3997164009328785
3997163963414883
3997163769439124
3997163693929178
3997163660983520
3997163643588542
3997163640146832
3997166232082117
3997165958967211
3997165842356694
3997165590226864
3997165393602842
3997165082448519
3997165028598353
3997166277828639
3997166253592332
3997166190113638
3997166094218800
3997166081612269
3997166068244573
3997166051256858
3997165954772419
3997165942187466
3997165841597643
3997165841596579
3997165825249823
3997165774388228
3997165590787264
3997165590225894
3997165590225556
3997165590225017
3997165589807530
3997165497697521
3997165439529299
3997165338465957
3997165203868617
3997165157995735
3997165074051894
3997165057044579
3997167418646750
3997167385002841
3997167133496832
3997167032623011
3997166949662522
3997166718223868
3997166697643281
3997166659472067
3997166357563932
3997166341192036
3997165569241821
3997167649476613
3997167603976528
3997167448028535
3997167394169376
3997167243197527
3997167239000082
3997167078933401
3997166949662522
3997166873525349
3997166857210851
3997166856431902
3997166848467322
3997166848340207
3997166814762512
3997166747604180
3997166735909729
3997166659876076
3997166525581851
3997166412120603
3997168950048472
3997168601644956
3997168529970295
3997168206956939
3997167951378566
3997161949054768
3997168991418277
3997168941653021
3997168883172056
3997168861915175
3997168815962051
3997168740208517
3997168635288687
3997168584928124
3997168539478913
3997168359095468
3997168357975833
3997168329192520
3997168304217492
3997168262477223
3997168211151954
3997168144438471
3997168115412745
3997168107005954
3997168106763485
3997168106660605
3997168077283073
3997167960227130
3997167826061507
3997167817947401
3997167695744587
3997165829444566
3997170115656950
3997170095379510
3997169901880836
3997169688679364
3997169612292686
3997169382542266
3997169348724577
3997169104682529
3997169012671911
3997170246193242
3997170245771061
3997170136390177
3997170120590313
3997170120418070
3997170036219863
3997169986413334
3997169931797888
3997169880940634
3997169767579822
3997169742397218
3997169695915127
3997169650872498
3997169612292686
3997169596070814
3997169394328528
3997169373931414
3997169365527128
3997169364948491
3997169273105827
3997169210345445
3997169071170222
3997169055380994
3997171499500998
3997171432381220
3997171382644708
3997171340674970
3997170984198666
3997170975980514
3997170627204572
3997170623520918
3997170540165170
3997170379814212
3997171713943825
3997171638147856
3997171629545503
3997171567740135
3997171516281029
3997171433180467
3997171382644708
3997171378959497
3997171327506736
3997171319433807
3997171290056529
3997171277724930
3997171274196373
3997171264581505
3997171235754402
3997171227361648
3997171206824837
3997171126146582
3997171093320826
3997171068137850
3997170996521130
3997170988394016
3997170950622526
3997170895422201
3997170875537193
3997170875533703
3997170875073572
3997170782744808
3997170774350542
3997170769869034
3997170749167859
3997170657529521
3997170656570469
3997170636519741
3997170632318480
3997170627717846
3997170627717318
3997170627716618
3997170627716305
3997170627716276
3997170627420044
3997170627418520
3997170627418388
3997170627204728
3997170627204637
3997170627204578
3997170623010224
3997170623010210
3997170623010110
3997170623009974
3997170535389454
3997170535091076
3997170530896335
3997170530720114
3997170405293412
3997170376156512
3997170371717329
3997173022017232
3997172854704779
3997172652859738
3997172569587738
3997172510230536
3997172481699861
3997172179289818
3997172133124376
3997171936132595
3997171907000780
3997171743074632
3997173052300465
3997173035168364
3997173005237520
3997172935077821
3997172917658712
3997172893056625
3997172888069361
3997172800409907
3997172771031484
3997172661917720
3997172640275028
3997172612069406
3997172598742788
3997172489619899
3997172418266471
3997172334816274
3997172331089980
3997172321988150
3997172318028476
3997172246440928
3997172246440713
3997172230128564
3997172137959194
3997172032644535
3997172024910339
3997171977729878
3997171969691700
3997171936668010
3997171893830057
3997171881245418
3997171843489935
3997171831891240
3997171747005062
3997171722527973
3997174368989832
3997174310232517
3997174238886416
3997174129231386
3997174066568630
3997173886184636
3997173156667004
3997173123298331
3997173110852765
3997174456441157
3997174418685770
3997174398162821
3997174397710157
3997174322199892
3997174268584913
3997174217900982
3997174213130632
3997174133425970
3997174109181234
3997173987337899
3997173986864028
3997173978942771
3997173953304317
3997173949365051
3997173899373685
3997173894806662
3997173874020583
3997173815773399
3997173781490211
3997173760991837
3997173673173350
3997173663972131
3997173655461117
3997173643588681
3997173643449247
3997173601574098
3997173589394905
3997173580571827
3997173563171563
3997173538001846
3997173521221461
3997173454382172
3997173433601918
3997173430027204
3997173416346855
3997173399819806
3997173371052805
3997173341647276
3997173315667588
3997173303293836
3997173262260994
3997173210963255
3997173182054189
3997173140084615
3997173140084522
3997173139877706
3997173139477208
3997173110852765
3992033955580979
3997171164809066
3997175719618419
3997175601685029
3997175597900583
3997175509767023
3997175438423666
3997175324816331
3997175203964277
3997175086147850
3997175048957865
3997175014615995
3997174930667186
3997174893348867
3997174793198946
3997174742256039
3997174649924787
3997174607462474
3997174561789053
3997174486503783
3997174402361452
3997175756997797
3997175702104620
3997175656252665
3997175655958592
3997175593295479
3997175577504939
3997175555775748
3997175543185172
3997175517785471
3997175455498599
3997175408875369
3997175392735823
3997175362880664
3997175337962264
3997175228401048
3997175216562043
3997175211549795
3997175203964277
3997175153549279
3997175036357391
3997174981576513
3997174930665807
3997174909680834
3997174847558110
3997174817608614
3997174663215138
3997174638004349
3997174637583701
3997177103245472
3997176935623342
3997176931423403
3997176834886113
3997176416197432
3997176163859332
3997176100905865
3997175970587238
3997175933280040
3997175870325354
3997174633136771
3997177166571629
3997177158177886
3997177137193837
3997177128415376
3997177115836995
3997177053143912
3997176953013293
3997176915009317
3997176910273119
3997176784521624
3997176751578369
3997176713765016
3997176705033734
3997176684048045
3997176676403092
3997176562772699
3997176524553317
3997176520355767
3997176508618723
3997176432608334
3997176411233013
3997176378649234
3997176364916759
3997176328239369
3997176310768789
3997176260042422
3997176213897851
3997176202009307
3997176160448532
3997176110040054
3997176025744237
3997175962786925
3997175959058747
3997175933282861
3997175903899092
3997175883044481
3997175870325354
3997175845141366
3997178437781629
3997178302869809
3997178072591750
3997177968095661
3997177901144367
3997177808526064
3997177753206230
3997177372370333
3997177179585197
3997178466572368
3997178436994862
3997178429072189
3997178424594923
3997178424594261
3997178424409789
3997178424409762
3997178416937743
3997178366118255
3997178340648729
3997178333147551
3997178298558654
3997178286909541
3997178223419065
3997178207317799
3997178193681931
3997178186301444
3997178177512508
3997178177512174
3997178173693959
3997178173516312
3997178173315824
3997178173315248
3997178173315162
3997178173315156
3997178173314824
3997178173314779
3997178173008870
3997178173008849
3997178172706745
3997177783771739
3997177774551368
3997177749956077
3997177669614111
3997177669613678
3997177615049611
3997177606655253
3997177539838985
3997177535300435
3997177480998606
3997177418126359
3997177375657222
3997177363968089
3997177350882689
3997177342487861
3997179703844492
3997179692138821
3997174645531163
3997179791975228
3997179750006642
3997179682861140
3997179666939388
3997179653290093
3997179612336421
3997179607553367
3997179548412258
3997179515491095
3997179452541447
3997179448781305
3997179431318911
3997179426753813
3997179368609931
3997179359975541
3997179326401056
3997179180231727
3997179179766444
3997179167177861
3997179032894705
3997179011912551
3997178999322664
3997178970356306
3997178966153336
3997178937143304
3997178927981475
3997178927547463
3997178763943694
3997178751721899
3997178710564312
3997178688764395
3997178676171216
3997178676170160
3997178546323575
3997178542127682
3997181096533949
3997181016618841
3997180999653948
3997180979511774
3997180702852558
3997180689732861
3997180002028816
3997179842559390
3997181138500404
3997181122056485
3997173400455224
3997181041798060
3997181000276889
3997180903755750
3997180848631248
3997180785705253
3997180752683960
3997180705999554
3997180693928465
3997180690243733
3997180689932371
3997180689932188
3997180689733236
3997180689542443
3997180689218625
3997180689218621
3997180689218597
3997180601606168
3997180597785426
3997180438416013
3997180375259321
3997180270345878
3997180220245953
3997180211594597
3997180173607631
3997180148644084
3997180144894886
3997180115492840
3997180093776972
3997180090636700
3997179934882127
3997179926489898
3997179872131357
3997179871714270
3997179842727333
3997182195717520
3997181951926659
3997181838881932
3997181553398125
3997181441015126
3997181205466957
3997181201269778
3997182493917991
3997182451071380
3997182450874109
3997182396923404
3997182392317522
3997182388915473
3997182388673242
3997182367668724
3997182362940819
3997182342370681
3997182304047630
3997182204368590
3997182140780965
3997181972639433
3997181952872411
3997181947468466
3997181939762325
3997181902477009
3997181822679892
3997181801276077
3997181708954388
3997181696199483
3997181511448547
3997181369594965
3997181353081220
3997181251804515
3997181235017819
3997181209664268
3997181206086009
3997181192627554
3997183537851725
3997183369653152
3997183210168765
3997183008821402
3997183843966177
3997183814013147
3997183773241850
3997183718216022
3997183651274727
3997183533327329
3997183532942653
3997183466277318
3997183458474801
3997183440651195
3997183315095327
3997183286086188
3997183277691088
3997183205970276
3997183173142966
3997183156344091
3997182954431591
3997182862487560
3997182858288937
3997182795588881
3997182740337048
3997182732389899
3997182690834457
3997182669441009
3997182635726610
3997182602296195
3997182514023312
3997185077246195
3997184967772015
3997184464783332
3997184288530848
3997184091909174
3997185047845218
3997185013937185
3997184959994095
3997184745043769
3997184715678529
3997184708165139
3997184653920358
3997184464521130
3997184355674298
3997184213310733
3997184212993779
3997184184041284
3997184162636871
3997184049910140
3997184048934157
3997184032544551
3997183986385351
3997183906914747
3997186478311154
3997186260406113
3997186196682253
3997185726859245
3997185726666625
3997185651155527
3997185521955706
3997185287341370
3997185919638853
3997185886649977
3997185869297730
3997185856975662
3997185852518154
3997185844384377
3997185823397654
3997185811285205
3997185781202056
3997185760437923
3997185748154668
3997185731696314
3997185730861055
3997185727565961
3997185727565429
3997185727563526
3997185727495749
3995268091811434
3997185727170197
3997185727170109
3997185727169414
3997185727169391
3997185727169102
3997185726860190
3997185726859917
3997185726666592
3997185726665829
3997185726665773
3997185722974418
3997185722663914
3997185722663410
3997185718276139
3997185630902075
3997185597076778
3997185567699331
3997185547223514
3997185543026551
3997185470772057
3997185467681424
3997185466922728
3997185458945795
3997185374917965
3997185290664875
3997185265219412
3997185236938165
3997187631300683
3997187081507004
3997186981423718
3997187735832816
3997187707078169
3997187694120455
3997187635500236
3997187627104147
3997187484653057
3997187400277284
3997187316586443
3997187316585263
3997187304166779
3997187228617307
3997187144933311
3997187131734379
3997187094103479
3997187073580004
3997187056788960
3997187039445260
3997187022665348
3997187005885090
3997186981722243
3997186980715100
3997186969116396
3997186939043452
3997186804524148
3997186779354576
3997186763249992
3997186742025056
3997186729433774
3997186720624436
3997186700298972
3997186670285044
3997186653504927
3997186636724437
3997186633424738
3997186624139853
3997186553408571
3997186541324637
3997186541011461
3997186482509795
3997186431448169
3997186348041744
3997186285297227
3997186226062247
3997186226061472
3997186222132691
3997186117510746
3997185974173594
3997185974173577
3997185949003841
3997185932223470
3997189149681841
3997189120298047
3997188994378080
3997188985654517
3997188872580294
3997188616885093
3997188483024951
3997188386288677
3997188348013814
3997188319361081
3997188239765994
3997187945834405
3997189195404736
3997189174429720
3997189149913225
3997189149681841
3997189099311721
3997188994939041
3997188985984024
3997188965261594
3997188961063795
3997188956866272
3997188906947622
3997188788489276
3997188776676985
3997188747000196
3997188725927606
3997188671877949
3997188524443151
3997188515813951
3997188445197944
3997188431914074
3997188357185951
3997188315161232
3997188281358150
3997188272503221
3997188239760180
3997188239759754
3997188239759457
3997188151115033
3997188096546269
3997188089017543
3997187891744539
3997190031063987
3997189498166661
3997189182820049
3997190484109877
3997190286869267
3997190244089029
3997190240644422
3997190215695318
3997190211487805
3997190143631662
3997190139435914
3997190114255410
3997190101642981
3997190018239937
3997190005102483
3997189980209107
3997189854296821
3997189845608411
3997189824394070
3997189812803439
3997189669574877
3997189653090500
3997189501672325
3997189498403249
3997189498399366
3997189497792244
3997189380272001
3997189359009274
3997189242601127
3997191775631608
3997191557337997
3997191447590678
3997191225257707
3997191162568379
3997191103604369
3997191036484616
3997190952946278
3997190873428152
3997190864796354
3997190831190053
3997190780849579
3997190726534066
3997190647265338
3997191917601906
3997191897423456
3997191880416536
3997191779539250
3997191778991584
3997191762749468
3997191762555655
3997191758017206
3997191737564859
3997191724780150
3997191661533040
3997191490603217
3997191468565212
3997191103604233
3997191079530224
3997191011939277
3997191007897648
3997181448605136
3997190894414469
3997190848006406
3997190826995468
3997190818883345
3997190793941197
3997190789744599
3997190768861250
3997190760359913
3997190755916917
3997190755916837
3997190755679380
3997190755679129
3997190692754186
3997190672472095
3997190617403539
3997192996476164
3997192743564326
3997192207411381
3997192039333165
3997192027427781
3997191976555108
3997190005390960
3997193273262805
3997193273259964
3997193273256875
3997193272856666
3997193272856532
3997193272735667
3997193272735605
3997193272735561
3997193272735352
3997193272735201
3997193272734703
3997193272355215
3997193272354450
3997193272354368
3997193272354169
3997193272125011
3997193272124886
3997193272124428
3997193252252626
3997193214292997
3997193184469484
3997193142858759
3997193062872509
3997192966198564
3997192915830919
3997192769331940
3997192739790565
3997192707077292
3997192643414091
3997192614296346
3997192613868385
3997192571893237
3997192567696936
3997192517754140
3997192223760605
3997192173317114
3997192169636912
3997192161437390
3997192107270113
3997192013909581
3997194543173157
3997194393118195
3997193603527281
3997193402597320
3997193306889628
3997183046759887
3997194481084113
3997194471613989
3997194379730228
3997194334298828
3997194304078564
3997194195375981
3997194136988174
3997194098838374
3997194027403427
3997193939119984
3997193847948964
3997193817878294
3997193759022003
3997193725799872
3997193721603616
3997193687425906
3997193671355754
3997193574967558
3997193524912856
3997193524322154
3997193519627921
3997193465092772
3997193440372800
3997193410991881
3997193343722807
3997193305684951
3997193302285287
3997193284948828
3997193276552349
3997195881129320
3997195856421040
3997195852221745
3997195823424308
3997195805619221
3997195675574471
3997195399621777
3997195789797687
3997195789537608
3997195789536539
3997195789019506
3997195789019417
3997195705757744
3997195625930639
3997195554232075
3997195516711632
3997195495467414
3997195491269806
3997195453242521
3997195302660481
3997195272859766
3997195160671885
3997195013317481
3997194954041250
3997194937482499
3997194899992713
3997194888109187
3997194824410083
3997194794630050
3997194673298456
3997193713209375
3997196535620899
3997196301586947
3997196116763283
3997197320664036
3997197316460777
3997197286920257
3997197248624942
3997197198942451
3997197048073249
3997197047620807
3997197047620401
3997197026082873
3997196967668318
3997196943307377
3997196938495353
3997196926505663
3997196891844820
3997196842318834
3997196619769081
3997196544733794
3997196544221659
3997196531631120
3997196522690145
3997196476546502
3997196452104276
3997196309232531
3997196293184116
3997196270995533
3997196179526837
3997196167411082
3997196132948164
3997196107392938
3997195994436481
3997198624754744
3997198091793369
3997197995244503
3997197639110851
3997197558843840
3997198657934643
3997198624754744
3997198603777484
3997198600066876
3997198578182225
3997198561173022
3997198323034630
3997198313669360
3997198309805469
3997198306182151
3997198305768884
3997198305278934
3997198267831939
3997198267830293
3997198212990762
3997198204600563
3997198192274917
3997198163646825
3997198117690958
3997197999608270
3997197927735688
3997197907269812
3997197714460814
3997197659896926
3997197604988044
3997197542064136
3997197525842977
3997197475476133
3997197470749956
3997197382656603
3997197374539912
3997197324174175
3997197299192953
3997199873933964
3997199724166229
3997199564762675
3997199489135597
3997199111125233
3997199056415192
3997199996244122
3997199966498082
3997199887755512
3997199782184642
3997199724166229
3997199715029907
3997199564763626
3997199530724186
3997199484939666
3997199455528021
3997199405375794
3997199249643338
3997199245447018
3997199111125233
3997198993257835
3997198985064189
3997198984867522
3997198896772707
3997198872140603
3997198846555342
3997198745752037
3997201061954696
3997200855890427
3997200834901971
3997200579347006
3997200524250841
3997201325942959
3997201295760293
3997201254390818
3997201199545830
3997201115640200
3997201078776494
3997201074162537
3997201074162039
3997201074161966
3997201027545613
3997200981512245
3997200973937444
3997200956322405
3997200943646656
3997200890115433
3997200851950715
3997200830702743
3997200826986364
3997200826505829
3997200826505686
3997200826505674
3997200826505559
3997200826504889
3997200826452328
3997200826452009
3997200826451521
3997200826451443
3997200826451105
3997200826450613
3997200826450483
3997200826449933
3997200826186711
3996204323338405
3997200826186417
3997200826186178
3997200826185946
3997200822309222
3997200822254892
3997200821991573
3997200821991532
3997200821991383
3997200821991370
3997200821991235
3997200821991219
3997200821991143
3997200742957284
3997200700856257
3997200642096536
3997200621371422
3997200612395414
3997200553955033
3997200519954714
3997200339572277
3997200319172557
3997200289910389
3997200281051208
3997200230681430
3997200213891121
3997200210471620
3997200159189883
3997200134401821
3997201443002595
3997201350659071
3997202664151348
3997202659237312
3997202609323995
3997202604588393
3997202592069061
3997202592068190
3997202579936780
3997202558443750
3997202475295406
3997202395464168
3997202227137184
3997202135055765
3997202105674053
3997202081148099
3997202047799978
3997202042954765
3997201992120478
3997201887918872
3997201883722767
3997201875327144
3997201828901666
3997201825353564
3997201757799846
3997201753008979
3997201707971732
3997201657546709
3997201594435440
3997201506431324
3997201480780533
3997201413964641
3997201367448415
3997201342264517
3997203959802098
3997203901587913
3997203842169183
3997203347116682
3997203243204203
3997203964106653
3997203901587913
3997203691435301
3997203594332848
3997203590702728
3997203590320702
3997203548342277
3997203439601178
3997203409755255
3997203380390942
3997203372443752
3997203367806193
3997203339573054
3997203339297756
3997203339296471
3997203339294484
3997203334525562
3997203200908420
3997203188301692
3997203088001520
3997203087286557
3997203087131581
3997202974281295
3997202881894984
3997202868870318
3997202819361864
3997202734804232
3997202697764808
3997204803326489
3997204131553267
3997204094117247
3997205309804480
3997205301934403
3997205243172282
3997205213788086
3997205142702766
3997205083929501
3997205054234489
3997204995182608
3997204995182591
3997204907631306
3997204873528695
3997204731694411
3997204659918069
3997204634731290
3997204597275591
3997204596951200
3997204596950142
3997204592467252
3997204567895426
3997204563372061
3997204408151003
3997204379276386
3997204345226744
3997204324898920
3997204269717401
3997204181623873
3997204148424331
3997206597396310
3997206493269405
3997206446377116
3997206354419367
3997206249483651
3997206107020390
3997205729903250
3997205398477523
3997206538666783
3997206358617197
3997206195895342
3997206107316650
3997206061145030
3997205998185825
3997205985291556
3997205976802780
3997205964303972
3997205856077596
3997205855470010
3997205855425249
3997205855424413
3997205855148079
3997205850953328
3997205821588072
3997205792467086
3997205738208326
3997205729903250
3997205688158073
3997205674941385
3997205553976968
3997205545088124
3997205519944535
3997205406288245
3997205339711323
3997207742899652
3997207121770866
3997207952116277
3997207948295556
3997207898190154
3997207885339684
3997207872412229
3997207869191675
3997207868548032
3997207868548014
3997207809749523
3997207793003466
3997207625648727
3997207566888459
3997207365417272
3997207159750682
3997207143779230
3997207117771395
3997207114357506
3997206770276068
3997209072574047
3997209043768164
3997208921498470
3997208883971856
3997208451942307
3997208371939563
3997208287714641
3997209127780739
3997209119126725
3997209067988622
3997209026965356
3997208880187985
3997208816289355
3997208800034459
3997208766762435
3997208762015493
3997208624470557
3997208624194484
3997208624189824
3997208581792083
3997208577593736
3997208481075534
3997208460086603
3997208451942307
3997208443549103
3997208418521740
3997208405176125
3997208384201031
3997208376773119
3997208376390466
3997208372836215
3997208372834555
3997208372193814
3997208372193411
3997208372193041
3997208371940667
3997208371940558
3997208371939999
3997208371939995
3997208371939899
3997208371939253
3997208371615872
3997208371615539
3997208371615394
3997208371615328
3997208326338826
3997208296933324
3997208224789876
3997208178877262
3997208120632549
3997208028873987
3997208006651089
3997210352291283
3997210343229431
3997210250897923
3997210188545060
3997209827806074
3997210636750103
3997210553075042
3997210540173500
3997210452078629
3997210397788622
3997210368410126
3997210313644913
3997210154628753
3997210154628573
3997210154628146
3997210133938209
3997210130183954
3997209982972277
3997209881830287
3997209853012361
3997209697665851
3997209630513999
3997209630512235
3997209630276308
3997209626906348
3997210896958404
3997211514090721
3997211476427633
3997211404889744
3997211321156078
3997211308261292
3997211135601040
3997210988775340
3997210960175060
3997210922399801
3997210889198450
3997210889194074
3997210889045554
3997210888821580
3997210888357151
3997210875974427
3997210867838554
3997210846406703
3997210343481720
3997212730580978
3997212189321096
3997212151339259
3997211634808828
3997212968924669
3997212804948880
3997212730580978
3997212680086633
3997212583381444
3997212536898072
3997212469743482
3997212398296426
3997212389997242
3997212373126634
3997212176523876
3997212146597093
3997212075282148
3997212037707921
3997211995739590
3997211979257918
3997211936982142
3997211874331032
3997211719304307
3997211644022901
3997214089099233
3997213980201898
3997213618945919
3997213225348707
3997214289724063
3997214286007292
3997208573396789
3997214260918653
3997213909046077
3997213678039595
3997213518540138
3997213494026701
3997213476505228
3997213442989632
3997213379969000
3997213379661691
3997213375466157
3997213321534562
3997213220803857
3997213199497537
3997213183346020
3997213153329315
3997213153328746
3997212986033190
3997212822988187
3997210935269777
3997215619590772
3997215426561742
3997215360063391
3997215191750321
3997215058068567
3997214802589851
3997214676808307
3997215674549510
3997215636380624
3997215603679760
3997215586409998
3997215409994223
3997215401599953
3997215380417067
3997215367832039
3997215351235898
3997214986366632
3997214894034252
3997214869241275
3997214823073579
3997214794188570
3997214734392645
3997214710130684
3997214684568416
3997214663582685
3997214571780925
3997214483373535
3997214470415169
3997214449913004
3997214411658108
3997214013553032
3997213405150486
3997213186907473
3997213082301166
3997212436165988
3997216970065700
3997216765337498
3997216676618272
3997216274618017
3997216269692675
3997216152963270
3997215926484088
3997215925979089
3997215925977471
3997215913523036
3997218279270083
3997218246170679
3997217976611325
3997217763495706
3997217331222498
3997217138082786
3997218320990167
3997218279270083
3997218266418328
3997218266069503
3997218257976728
3997218064895262
3997218006133472
3997217935500409
3997217888874037
3997217884987505
3997217846900377
3997217838818674
3997217716784166
3997217687400252
3997217683953244
3997217650594886
3997217628955255
3997217545516515
3997217498788648
3997217474099934
3997217415275760
3997217406449360
3997217347685059
3997217339614630
3997217322187388
3997217096852096
3997216937451212
3997216936604941
3997216933247044
3997216929047697
3997216676617711
3997216676414907
3997216617854824
3997216609457824
3997216446009215
3997216375350768
3997216374999578
3997216362049895
3997216286482986
3997216283139870
3997216215378311
3997216198587741
3997216178317328
3997216173981527
3997216173515367
3997216173012538
3997216165003293
3997216135616253
3997216132073107
3997216085701376
3997216068136694
3997216068136298
3997216064684373
3997216060049285
3997216021990583
3997215972463771
3997215930841091
3997215930836926
3997215930834246
3997215930312820
3997219188711769
3997218442708811
3997218434477040
3997219604305404
3997219596400809
3997219444809220
3997219441605633
3997219189045703
3997219117965149
3997219059201426
3997218942415532
3997218782152996
3997218727582523
3997218673955352
3997218559723285
3997218518265477
3997218472530675
3997218471791283
3997218451104856
3997218438907604
3997218438511066
3997218438206710
3997218434966553
3997218430118003
3997218426072105
3997218417220483
3997218392342065
3997220980725130
3997220845939460
3997220410374250
3997220200568800
3997219873224134
3997219742552207
3997219730998556
3997219696988639
3997219696929415
3997222230709168
3997221990953253
3997223655637377
3997223316586972
3997223304356113
3997223223891762
3997223215853313
3997224977711674
3997224729758581
3997224616885117
3997224428348925
3997224322851468
3997224277611271
3997224159473928
3997224121697803
3997223768903635
3997223723465479
3997226286654440
3997225502301415
3997227544622624
3997227439155465
3997227032879433
3997226793948891
3997226734806656
3997226617805143
3997227661872484
3997227653476978
3997227628375323
3997227602853443
3997227502116317
3997227498411284
3997227498411213
3997227497794029
3997227473206057
3997227439155465
3997227434867772
3997227401648239
3997227350966810
3997227300899966
3997227284107678
3997227246089942
3997227221416572
3997227178969016
3997227174974908
3997227124609493
3997227099696093
3997227099427832
3997227066120826
3997226973775216
3997226797764757
3997226726138019
3997226584455371
3997226575714824
3997226546197914
3997226399840673
3997226383033080
3997226341013600
3997226177118946
3997226084487308
3997226080130046
3997226009224969
3997226004735732
3997226001085332
3997225996341403
3997225988850526
3997225988239513
3997225987946026
3997225736943083
3997225736666146
3997225711194773
3997225690209059
3997225509600644
3997225484822633
3997225354963348
3997225309300985
3997225299846352
3997225274918534
3997225207553691
3997225203564266
3997225128311187
3997225086292825
3997225073700547
3997225028331219
3997224998140065
3997228890411916
3997228382683692
3997228949390097
3997228878030900
3997228877820032
3997228853183177
3997228748170297
3997228714590558
3997228538077786
3997228537902468
3997228513113139
3997228504341017
3997228408214005
3997228362040203
3997228341054326
3997228253796765
3997228253140106
3997228152668675
3997228018361845
3997228001573531
3997228001572718
3997227993179542
3997227959601697
3997227934755925
3997227841831174
3997227788061810
3997227783861093
3997227740843445
3997227674204236
3997227665809667
3997230212020435
3997229918205247
3997229511583691
3997230316696359
3997230219866110
3997230212020435
3997230207822419
3997230194760893
3997230086098122
3997230065112711
3997230035985302
3997230014741791
3997230014537585
3997229986012151
3997229964824250
3997229901214273
3997229892653837
3997229847112387
3997229767157035
3997229716459431
3997229637669577
3997229502512165
3997229485732344
3997229238224556
3997229226160445
3997227867265737
3997231491221351
3997231457143016
3997231042114156
3997230891859054
3997230890809558
3997230312499995
3997231584030286
3997231549433501
3997231504167474
3997231381910636
3997231361779911
3997231273437663
3997231272751760
3997231272750127
3997231243363814
3997231189046122
3997231172454848
3997231130480187
3997231121879484
3997231121538207
3997231117343212
3997231093276199
3997231092490076
3997231084524734
3997231075908664
3997231059119871
3997231051155849
3997231046315648
3997231033931107
3997231029733584
3997231029521180
3997231029520943
3997231029519853
3997231026019702
3997231025940362
3997231025934241
3997231025538002
3997231025536495
3997231025536372
3997231025325010
3997231025324717
3997231025324099
3997231025051768
3997231025051421
3997231025051113
3997230970515782
3997230942264360
3997230911995096
3997230781738163
3997230753500859
3997230752974645
3997230677422217
3997230665548781
3997230572988217
3997230551011627
3997230521908650
3997230518363976
3997230518177323
3997230513768874
3997230505373670
3997230458982826
3997230421227540
3997230337478526
3997232891833544
3997232578061865
3997232065774183
3997231860599599
3997231860351954
3997231809981542
3997231784355278
3997231776401593
3997232783059636
3997232733258597
3997232715901981
3997232610524387
3997232581581163
3997232578061865
3997232576963909
3997232501725373
3997232313188408
3997232283802065
3997232174915748
3997232044681290
3997232027888644
3997232027887983
3997231936257612
3997231876759685
3997231776841789
3997231776402387
3997231776008733
3997231663628898
3997234284096212
3997234233993010
3997234162633209
3997234053857985
3997233894617015
3997233818701551
3997233747128032
3997233663226827
3997233558350403
3997233336600109
3997233269151366
3997233097604943
3997232593743806
3997234301251354
3997234279901329
3997234213365736
3997234204613243
3997234121017619
3997234117106333
3997233927516161
3997233789319749
3997233785953454
3997233734543314
3997233651454443
3997233626561826
3997233622358433
3997233609181630
3997233600697070
3997233579708929
3997233563783675
3997233550677341
3997233546479808
3997233457980712
3997233277741671
3997233235590558
3997233232030718
3997233206384268
3997233185397749
3997233067787944
