4125193595722517
4125152897814571
4125152641552495
4125151941558308
4125151018951482
4125150787431609
4125150574313216
4125150226095068
4125149961232463
4125149542670327
4125149018434409
4125148905202800
4125148900107088
4125148846364272
4125148828788123
4125161479477825
4125161181658974
4125159822910848
4125159469623331
4125156122800990
4125155481409327
4125154172894648
4125153933362197
4125151865935059
4125147642285104
4125147608594030
4125147260763326
4125146975740298
4125146815934987
4125146400487946
4125148544314152
4125146014327192
4125145666679088
4125145439839956
4125145273179477
4125145163767118
4125145091639035
4125145066468413
4125145054134769
4125144971085145
4125144878884375
4125144282907283
4125144185742866
4125143679280287
4125143607262946
4125143506458282
4125142650885108
4125142613400034
4125142613070875
4125142524710043
4125142428816431
4125142173135879
4125141912843714
4125141397328685
4125141354806007
4125141270604640
4125140809390853
4125140226630415
4125140021041344
4125139853271459
4125139157523021
4125139089598893
4125139089598825
4125138838360213
4125138838359717
4125138838101896
4125138833689969
4125138833689937
4125138351501853
4125137886668972
4125137009288574
4125136825687297
4125136434940671
4125135978222372
4125135113633278
4125134707251784
4125133993912609
4125133910681628
4125133805423742
4125133230704301
4125131556574706
4125131369035159
4125131284963623
4125130802348768
4125130722988396
4125130377995419
4125130374356625
4125129267537458
4125129024384365
4125128801356594
4125128545682203
4125128017168924
4125127832934549
4125127513815462
4125127513466649
4125127027550353
4125126809028227
4125126255934531
4125126003452923
4125125995586840
4125125919548786
4125125869803243
4125125672201842
4125131288476759
4125130310873445
4125126556955724
4125124737805775
4125124443260229
4125123738760871
4125123738572865
4125123630084811
4125123349419835
4125122656218607
4125121902367759
4125121599866010
4125121456663267
4125121151455847
4125120505812119
4125122204045602
4125121986123826
4125119829439456
4125119687936851
4125119376645703
4125118705819228
4125116189005690
4125115681353653
4125114586940922
4125114054593753
4125113584642535
4125113135748083
4125113001268389
4125112908680146
4125111856165663
4125118962247783
4125116184615634
4125114280660754
4125114188474092
4125111302549783
4125111155982492
4125111155605141
4125110568523818
4125110330323923
4125109591064017
4125109269177788
4125108891742169
4125108777673070
4125108639417532
4125108639417432
4125119209036039
4125119150122396
4125118386561006
4125117532044829
4125111873237560
4125109683862233
4125108824024695
4125108493276010
4125107456231275
4125107050511007
4125106672376581
4125106244791993
4125105896044950
4125104830720497
4125104805526839
4125111806302928
4125111767845600
4125111163995809
4125111072228668
4125110916480524
4125110711346057
4125110585061707
4125110547304067
4125108639417571
4125106525646088
4125104709476914
4125104705500061
4125102851059501
4125102692285793
4125102574145120
4125110640055917
4125110102875315
4125104038249990
4125103963332533
4125103605997179
4125102780245261
4125102746636830
4125102528210983
4125101609788092
4125101370871419
4125101178416820
4125101089661561
4125101089417863
4125100733536487
4125100141559580
4125102599854241
4125101622996860
4125099173257201
4125099076093841
4125098140836256
4125097914686255
4125097817751286
4125097704482982
4125097503627380
4125097314568047
4125096929630834
4125096787040684
4125096370929282
4125096057215897
4125095729331146
