4125340052283182
4125340013878767
4125339980296924
4125339929676026
4125339707700822
4123529848635609
4125339271400435
4125338382777637
4125337920570460
4125337648728656
4125336633814288
4125336368717537
4125335148266506
4125335127291668
4125334913352293
4125334045791894
4125335639227750
4125335564498988
4125214340352357
4125335483595434
4125335346063680
4125335303943372
4108061763627677
4125335290943756
4125335287140225
4125335278343435
4125335274147074
4125335132074252
4125335127291660
4125334732972023
4125334632786375
4125334511074790
4125334313482816
4125333991153254
4125333848747859
4108061763627677
4125333801708022
4125333709420801
4125333681237829
4124096909808664
4125333638852800
4125333315676286
4125329771492893
4125329683693240
4125329603881038
4125329343546919
4125329155305250
4125329075812885
4125328731029445
4125328177577408
4125328148200069
4125327938098610
4125327733226064
4125327577345189
4125326718364746
4125325820904731
4125325774098194
4125324311022494
4125322284351917
4125321856959538
4125321542627051
4125321362454019
4125321240497841
4125320514437331
4125320032832021
4125320027595794
4125314999331513
4125314420538506
4125311572424369
4125309965732000
4125308619731522
4125308451900325
4125307151950250
4125304933181218
4125298502593695
4125294837066754
4125260712010758
4125260338873029
4125255029180263
4125254273915004
4125252622041376
4125244568213418
4119233594471563
4125244534639602
4125243201136585
4125239664878329
4125237949268978
4125237496452890
4125236981574565
4125234326269625
4125233960969836
4125233805509492
4125233155903890
4125232123778740
4125231838796311
4125230819662557
4125230341088542
4125229435637408
4125229435273411
4125229174969255
4125227782564163
4125226905835734
4125226402602748
4125224922145822
4125222564654887
4125222065722744
4125219507561479
4125218614743230
4125217767177600
4125216847693942
4125216197628332
4125219150826095
4125218820280036
4125215800285609
4125215376798201
4125214767936912
4125214336150748
4125214335559772
4125213908740419
4125213567759770
4125213329716023
4125212792339409
4125211873656776
4125210812526169
4125210703320682
4125210682820431
4125218114514868
4125215228969204
4125214441171027
4125213349924457
4125213077910463
4125212070778783
4125210682819228
4125210124877628
4125209981646805
4125209856758799
4125209503881986
4125209097461263
4125208941792246
4125208908470805
4125208334404596
4125214457362687
4125213337855985
4125211420524731
4125210854537291
4125208300771803
4125208149398018
4125208048301100
4125207930826956
4125207792693283
4125207666679573
4125207440446953
4125207037604931
4125206786024237
4125206471052598
4125206283151223
4125211550510160
4125206786735765
4125206052092398
4125205662764154
4125205640595049
4125205251166818
4125205137721616
4125204823803312
4125204676730391
4125204521171180
4125204484101287
4125204311384904
4125204055199206
4125202395339237
4125201975165075
4125206832249588
4125206341257269
4125204093891305
4125202600546413
4125202239888126
4125201929597316
4125201740981753
4125201258495212
4125200981561595
4125200847473378
4125200687482259
4125200377442488
4125199735102245
4125199710377657
4125199538618598
4125215782723387
4125214717543866
4125200750876915
4125199497012604
4125199387913896
4125199236982420
4125199236225586
4125199231639839
4125199051954321
4125198674183434
4125198438949734
4125197978086949
4125197684292026
4125197462659304
4125197319973489
4125199232416003
4125197302495366
4125197282130607
4125197223532233
4125196870567803
4125196840980689
4125196580856035
4125196090728551
4125195943855402
4125195901441723
4125195377680651
4125095657737782
4125095553829583
4125093141222010
4125091857461131
4125199739537885
4125093817026587
4125090939448855
4125089002278382
4125088507127503
4125088506579902
4125087399703024
4125085487512315
4125085437099388
4125084849395200
4125083243109249
4125081682450728
4125080818517583
4125079774577334
4125079392439212
4125093921582974
4125093547842509
4110237390449612
4125093539680925
4125088574492263
4125081712504453
4125078872150712
4125078691666179
4125078574621213
4125078439954848
4125077379467296
4125076204458915
4125074749352248
4125074405641225
4125073860827949
4125073662836002
4125094060614522
4125093540418303
4125092357134376
4125090255421879
4125085256393600
4125078695976206
4125078440921925
4125077576268604
4125074161668569
4125073621898732
4125073394580897
4125072748776222
4125072220337323
4125071184214948
4125070668995091
4125103786331561
4125100351094410
4121081637525597
4125084739798894
4125083368540772
4125078701040482
4125076431184897
4125073407368721
4125073407178587
4125070646893480
4125070462626630
4125070404264262
4125070186631169
4125069926032959
4125069733303148
4125068281349819
4125092952489977
4125090800932019
4125086645068631
4125085709188693
4125082416432394
4125080705121249
4125077638942059
4125076687088417
4125074530845517
4125068218423075
4125067098571723
4125061499338890
4125059599779891
4125056492204261
4125055216165603
4125086095694724
4125085906840400
4125082853084593
4125080957145312
4125080617452473
4125070907522367
4125055112085809
4125055090459725
4125053018354068
4125052028526123
4125051445930183
4125051302748500
4125050758000380
4125049692283302
4125049381990104
4125091224768784
4125079682080482
4125078960640112
4125075055606282
4125069074512924
4125064885023176
4125064671233466
4125050828947477
4125049248644590
4125048744945768
4125047705035256
4125047256379103
4125046169008921
4125045133753852
4125044290563191
4125093435398605
4125076247141197
4125071394032226
4125070605784087
4125068361602759
4125065421229723
4125051722461577
4125042037843049
4125041422092806
4125038183325559
4125037239974474
4125035634068839
4125033636849011
4125033393516665
4125033142096063
4125092373681232
4125089551426681
4125057926122935
4125051874140072
4125049994475148
4125032239694660
4125032190338077
4125019476652145
4125019179658377
4125018793136322
4125017362773915
4125017296368709
4125017182458671
4125016917962790
4125016117400937
4125083603634683
4125070060436540
4125068877993042
4125063340470990
4125052200782779
4125048236762778
4125043472237639
4125032102371624
4125018931961876
4125015273928435
4125013978056606
4125012803541256
4125012355353641
4125012207732642
4125010744470612
4125092021071694
4125087080670986
4125084933424096
4125084592964772
4125077249272637
4125076955936905
4125075646959971
4125058811690453
4125045792039408
4125040562005881
4125018222909138
4125014858592619
4125012015602625
4125010605428432
4125010588647825
4125092864825797
4125080608798252
4125077785959764
4125077018946244
4125073700629910
4125073122041658
4125065857730937
4125055833704237
4125053811303798
4125039501145616
4125033142096591
4125033137204615
4125018084514082
4125018043173855
4125018009232427
4125095712529258
4125095444255060
4125095184639846
4125093539451965
4125087747721953
4125087571338439
4125087491539228
4125087424818571
4125082823298195
4125080700636909
4125079602277054
4125076103903610
4125071758348450
4125071485925102
4125071179679613
4125087432597227
4125083465248106
4125078439954823
4125073931593317
4125070890714391
4125060769341072
4125036820957008
4125023708698318
4125015274226278
4125013797747009
4125010487964661
4125010018368390
4125008902986628
4125008420789489
4125008416411827
4125099579557082
4125097478769048
4125084564289602
4125078305709654
4125068948785114
4125066360834730
4125059406159346
4125048237008448
4125009678812738
4125008194287809
4125006814130807
4125005505879861
4125005144997461
4125004704575813
4125004385908458
4125074548165469
4125071142538458
4125067841599823
4125060359173865
4125059603550181
4125058307774601
4125053434247986
4125051231429348
4125037189146431
4125035905536879
4125027626515806
4125021817515028
4125019799312894
4125007183526036
4125003441657521
4125063844288606
4125060824531972
4125060375976726
4125056453644133
4125048782359229
4125044219777641
4125032647561642
4125030126501630
4125027999661231
4125006369978287
4125006164405899
4125004687526324
4125003424877125
4125002943118402
4125001776812461
4125055569494224
4125048493744340
4115282069011712
4125047842666790
4125046828523862
4125045715920497
4125041190251953
4125039345239231
4125038946843005
4125037419905529
4125035146464565
4125033427303431
4125023579376251
4125007884304821
4125006843886248
4125006214417049
4125087252206557
4125077630551683
4125064275731901
4125063109736315
4125051407629208
4125051144001898
4125050758001396
4125045162978361
4125041052813420
4125040561805701
4125037093274295
4125022492329827
4125017908357629
4125001072880121
4125000929417045
4125066339837224
4125042629312925
4125041156690370
4125021984964158
4125016105160268
4125013009048449
4125004725122385
4124999931697677
4124999382232148
4124998526526327
4124998458868883
4124998303648023
4124996773240454
4124995792009656
4125053136119506
4125040179776314
4125039928007399
4125028981329476
4125018105626026
4125010429960307
4125007532167027
4124996156729343
4124995640262790
4124995393420393
4124995384357822
4124995313763781
4124993946559409
4124992050159184
4124990456156661
4125081464953666
4125063056233183
4125046354454352
4125043208351727
4125037873263161
4125033297307671
4125031523630171
4125029870305020
4125019821532184
4125017253850850
4125014015354254
4125006113640633
4125006105065687
4124990204448345
4124990192007536
4125088649128670
4125061893591378
4125045724310770
4125034785874036
4125033297448358
4125031380155965
4125030907026444
4125025844226334
4125021301427925
4125021192252833
4125020903539565
4125019460247091
4125017493572746
4125017283498014
4125011666796933
4125063340470629
4125049152257344
4125048241522493
4125035658289734
4125033683562484
4125028737763604
4125028109327781
4125027403861480
4125027206497120
4125027185982688
4125026258643123
4125024581185715
4125024329345475
4125023587776966
4125086745131997
4125048241691457
4125022899150223
4125020739605925
4125020559039512
4125020395028390
4125018139255613
4125018013093120
4125017601888547
4125009917907389
4125007955174274
4125003253440123
4124998672820323
4124989991398861
4124989097209061
4125043421870165
4125034966225827
4125028566549391
4125015064492428
4125011528484760
4125004210032421
4125003270242760
4125002783491263
4125002293344167
4125001429119261
4125001210483062
4124999386299311
4124988950529722
4124988644529384
4125087231231063
4125086183318643
4125037881664348
4125005455156472
4125003002053291
4124999214115060
4124997843245147
4124995518801674
4124994876746751
4124992507330002
4124991735398753
4124991018307034
4124989269207553
4124988094940987
4124987847612071
4125095141762173
4125085990313501
4125063341141995
4125033393520103
4125011638072592
4125009963830665
4125007321712870
4125006512044099
4124987838939897
4124987838939809
4124987411346010
4124985385071124
4124985024655553
4124984782150919
4124984760734608
4125036883375452
4125028079593072
4125027680765217
4125021477307931
4125019493935782
4124998036236288
4124983255519529
4124983061537781
4124981056788916
4124981015197632
4124980654460022
4124980474346816
4124980294207775
4124980293876243
4124979505443738
4125093539680729
4125081925779662
4125078439954170
4125038002975159
4125037068421993
4125022924733118
4125002942435130
4124998413160213
4124986077251981
4124978712377648
4124978695334938
4124976624010970
4124975873276753
4124975349333235
4124974266680530
4125063550370505
4125048236762598
4125040687600323
4125037130289113
4125031464577053
4125029098264950
4125028658730151
4125021578100402
4124982952777193
4124981635939843
4124975432977319
4124973712601249
4124973695807994
4124973247925938
4124972744420072
4125065844958120
4125063517666238
4125054562909169
4125053337208391
4125053174575606
4125051127191333
4125043359514697
4125033897379456
4125024661400054
4125020558827029
4124969614994972
4124965446341802
4124964434830005
4124963374083550
4124959808624644
4125063341142428
4125053572583265
4125052125406681
4125031388787513
4125025335949318
4125007795707816
4124993200302210
4124993039813126
4124990180121934
4124986107308898
4124953877733759
4124952653045942
4124952335061893
4124947615834120
4124942591755988
4125028284893437
4125027660511712
4125026518995940
4125019573877168
4125018043171996
4125016578138810
4125013185176359
4125010216059569
4124994638338357
4124979665181237
4124954943885956
4124893132060142
4124890745976365
4124882142344109
4124881094572961
4125033142167947
4125018281720676
4125007724316845
4125003706138877
4125002942785118
4124995611332862
4124988354675464
4124987843223942
4124987100594778
4124985545450503
4124871078176016
4124859497838968
4124855924125438
4124855182212527
4124853244350139
4124999549561184
4124904158960646
4124853201666417
4124851445394110
4124850605805249
4124849527819884
4124847573203227
4124846793917640
4124846126951628
4124841856659412
4124841609255004
4124839259930991
4124838606146822
4124838106511879
4124835670076323
4124843571710103
4124840895936002
4124835535845298
4124833836788706
4124833077848553
4124833010504714
4124832762699843
4124831161468855
4124830703695150
4124830053649665
4124829605115944
4124828921925783
4124828601990224
4124827986148073
4124826547191566
4124976644851191
4124842682886115
4124840631279249
4124834835805115
4124834373550758
4124829814751404
4124826278789103
4124825989622614
4124825699749863
4124825267741791
4124824562965846
4124823266814570
4124823120275889
4124823007058992
4124822675867404
4124977361341109
4124946504865375
4124894596314818
4124854732566526
4124829168492642
4124821945930590
4124821749670446
4124821749670409
4124821748930929
4124821748560515
4124821744730227
4124820067240713
4124817973687291
4124817903133432
4124817013358088
4124977210586382
4124849116691112
4124814577017352
4124813134125226
4124812953271174
4124812886297874
4124812877531690
4124812516987959
4124812223851761
4124811028691507
4124810646659981
4124809371412098
4124808604774173
4124808499412159
4124807664252977
4124940821306805
4124895614384609
4124863474034172
4124854170611138
4124818444030219
4124807177853414
4124806649803296
4124806418530225
4124806137673769
4124801159280576
4124799447937146
4124799099266963
4124799029005303
4124797086776874
4124795795281823
4124977701130398
4124896604830392
4124878771067807
4124863733612819
4124794839043695
4124794565265939
4124794066334959
4124793919583427
4124793731276867
4124791802355483
4124788982730525
4124787217409701
4124786047459063
4124780980057873
4124780225581815
4124976476474173
4124958827378215
4124949289101635
4124897304701062
4124897086802133
4124896743288696
4124896293975331
4124895962570250
4124895228706831
4124844649619215
4124837775368136
4124796943435007
4124776450474495
4124775696264025
4124775188315970
4124895438936335
4124837867810778
4124828405626108
4124826215766990
4124813066325108
4124799259732840
4124791919168418
4124791562313352
4124774437436998
4124773787126623
4124773598378385
4124772277326422
4124770566086951
4124769773009641
4124769487908875
4124816841165354
4124784025788360
4124783027169279
4124782935213858
4124779096864733
4124769345514671
4124768368311482
4124768107893092
4124766199670704
4124765667252423
4124763372361681
4124762097460989
4124761875857808
4124761367554454
4124761350751206
4124828375857755
4124776861822751
4124759619326318
4124759077891331
4124755215286688
4124753801178313
4124751687841053
4124749506983328
4124748789558047
4124746856025745
4124746663260834
4124746251111760
4124745592731091
4124741403079810
4124740468297050
4124872022032669
4124853495554348
4124845107026909
4124838400512530
4124837959486748
4124822755687995
4124810445464100
4124785820052189
4124783765799892
4124777457319341
4124740207355247
4124738719182974
4124738701679280
4124738341828165
4124736688741362
4124942079329429
4124823691068316
4124791583782069
4124751679441157
4124750881978088
4124731924287210
4124731151873084
4124729734247005
4124727641015014
4124727255055635
4124723010689623
4124721412675014
4124721370961799
4124721307490644
4124720284527601
4124793207187778
4124782428126698
4124776446954420
4124764572650378
4124749313269987
4124732158389099
4124719827272054
4124718456308185
4124717570744042
4124716190874229
4124713997903170
4124713254465724
4124710511323388
4124709803767936
4124977651482389
4124750609244914
4124743139123158
4124735770579109
4124735639434842
4124733005376434
4124731215117802
4124721363084177
4124715175612811
4124709572958937
4124709207833373
4124708855211478
4124708150604554
4124707861042122
4124707680663593
4124971611816625
4124957984111890
4124947007273494
4124822294228501
4124793483511036
4124775607796977
4124762357105610
4124752505245273
4124707273855653
4124704208242002
4124703221635539
4124700986905905
4124700953057623
4124700953056185
4124699208551826
4124972756116882
4124972475737788
4124950862009179
4124942847433423
4124874613993575
4124858759373237
4124818457011384
4124810991178107
4124807651436802
4124797602377685
4124796226405453
4124792543675485
4124773871130183
4124698470319406
4124698415969506
4124976623296643
4124973875895014
4124973255452036
4124973175608029
4124944260903715
4124792556443281
4124787406502616
4124776379461163
4124721035862801
4124698218566624
4124697966838796
4124697178345805
4124696871885615
4124696184254911
4124696183592985
4124962988386646
4124952942309339
4124950635292820
4124838883126289
4124802610988500
4124794633368961
4124785112301608
4124699086599726
4124694728346065
4124693919613402
4124692723510125
4124690383131324
4124688332127182
4124687917321542
4124685853777019
4124949880704248
4124839163562250
4124685383467220
4124685278660612
4124684867440096
4124684326868259
4124681034236119
4124678299113310
4124676005601657
4124675795302944
4124675015212578
4124672289687349
4124671651895376
4124671463354679
4124670753815899
4124865462303227
4124840351257321
4124791697502811
4124764676959745
4124746402136764
4124738697911562
4124713381162999
4124710898254400
4124695260882913
4124683572042376
4124673174176214
4124671844287991
4124669860288843
4124668719545266
4124666937045659
4124853076123286
4124849011944329
4124843114548174
4124822290019585
4124814379892061
4124810390466087
4124787263997179
4124774140019850
4124745274825897
4124727805305575
4124722662288421
4124722335537360
4124710499750510
4124689926661117
4124897489579699
4124890146149305
4124848257748968
4124845673093599
4124842019857599
4124825994018717
4124823078279182
4124810827101345
4124741176138895
4124714064436238
4124703469364027
4124686269061101
4124669269412665
4124664952904905
4124664459074034
4124839574247408
4124825183644492
4124821228749520
4124801419185008
4124734763921846
4124726756178083
4124673325139233
4124663246684387
4124662679901667
4124662441570711
4124662147228426
4124661454849277
4124659026323335
4124657534016493
4124657165076413
4124857010600251
4124842124398457
4124820645789355
4124817679999904
4124793559754843
4124766619214596
4124763251729434
4124732045254985
4124728370721668
4124717575512229
4124710818491895
4124698650362263
4124665465565295
4124664529551352
4124656774013278
4124868314137170
4124858658325882
4124850740440848
4124844457146961
4124823346912893
4124755462455016
4124722210135680
4124669491105578
4124669424356053
4124656400637096
4124655654640386
4124655649948388
4124653821562295
4124650160765376
4124650105258067
4124857194602506
4124854263002578
4124841865058960
4124839867935012
4124838668956716
4124837414702691
4124820818172286
4124798281862941
4124755650962122
4124752509285205
4124702337361922
4124699653387500
4124678106495087
4124649556744374
4124648712574771
4124849687175746
4124817504917402
4124788756608510
4124787188267272
4124691696501903
4124664785276823
4124648331123676
4124647043814545
4124646946896243
4124646758236833
4124646678396334
4124645520767233
4124644544530838
4124644325376388
4124836445399998
4124771417115472
4124735874958434
4124677393467738
4124674642744913
4124667860493663
4124660628645177
4124648033571201
4124642069831157
4124641838354404
4124641528401530
4124640987308505
4124640689102314
4124639401403735
4124637594527381
4124840753607837
4124835703350905
4124834897737246
4124756112528379
4124735476204144
4124734922795999
4124731755726983
4124706690846348
4124648117580471
4124636591237388
4124635362375509
4124634766953159
4124634411096425
4124633021975884
4124627980659144
4124872633790842
4124834415666818
4124821543774556
4124769186417323
4124767567008152
4124767034211535
4124766749777450
4124766258846755
4124758453179578
4124716048391487
4124631386658588
4124626793408689
4124626671443382
4124626600719748
4124841513260952
4124786424390515
4124765079635511
4124764718959929
4124762038661182
4124741244248722
4124718569239737
4124665012184940
4124636406697380
4124626483590585
4124622657950259
4124622205320788
4124620376195619
4124619839622803
4124619738845010
4124763129037383
4124756376647128
4124726115056609
4124699010670074
4124664982272479
4124639297382246
4124631826489830
4124631475022400
4124630778575563
4124629100909502
4124619273109454
4124612927633098
4124611111094694
4124609097591371
4124606283739714
4124768305299555
4124766623602137
4124765986024986
4124704412816979
4124675065817188
4124673908307471
4124627997469178
4124605625628940
4124595503501713
4124595503501645
4124582631320367
4124571013466007
4124563278782042
4124552042377965
4124730527365440
4124703805501628
4124702219239481
4124686881668287
4124669994723347
4124628244802165
4124554643257814
4124551094652254
4124521248207855
4124513731962767
4124512888750710
4124507045958041
4124505788064593
4124495646491162
4124495047026066
4124738815248698
4124734130379217
4124728267040421
4124716526380841
4124648604148139
4124494526479812
4124491804339714
4124490986724707
4124489555760395
4124489056893057
4124488129713398
4124486887824121
4124482131590270
4124479682029329
4124473848056223
4124740908011996
4124707474900974
4124704165703726
4124680765888700
4124644782680972
4124639330999307
4124603066527432
4124542936551431
4124489811941838
4124474615713903
4124471876403897
4124471071158124
4124470619178259
4124469360242740
4124468718850423
4124711019851012
4124650000693052
4124644879285120
4124539782185314
4124497050754876
4124480063805310
4124466408231355
4124465652116982
4124461881547403
4124460116212544
4124459022013754
4124456341138461
4124454210375143
4124451810958515
4124673052489121
4124646733623804
4124466952959474
4124450897597672
4124448783372735
4124447756032342
4124446778564686
4124444332832761
4124444249141054
4124439106400657
4124437365888701
4124433440848855
4124432941300614
4124429820411033
4125341528030876
4125340836819011
4125340617867126
4125340370520759
4125340295211721
4125113139416957
4125014330321149
4124993006658601
4124786517254703
4124704954386296
4117462808528966
4124654618704071
4124643122066663
4124642580943930
4105158851491554
4124642006153918
4124490567070538
4124475521834380
4124456621902765
4124443829211096
4124429619459512
4124429607485753
4124427794815758
4124426997709866
4124425844302428
4124778967214698
4124756318091620
4124747551959753
4124744733125111
4124698172590769
4124687216804975
4124655838735295
4124651473149601
4124645013635633
4124487173839676
4124475224225388
4124431092215406
4124425194263421
4124421642335782
4124421620422777
4124763867380011
4124647563892912
4120361094820452
4124636394878629
4124623140389725
4124466202116762
4124455007767472
4124416210853410
4124416135202527
4124415795297304
4124414830033934
4124414792516568
4124412799719437
4124411323749082
4124408496584402
4124408438822681
4124644820479207
4124630820712458
4124622620597661
4124516793837839
4124468782235657
4124458186240347
4124445591264181
4124408135694593
4124405296600048
4124403221091420
4124403036141624
4124400220941491
4124399466927915
4124398828843743
4124748768806212
4124623878338677
4124516847982892
4124512221724523
4124423072367317
4124420958310288
4124416323415633
4124403149246195
4124397918989107
4124395582455378
4124394559740979
4124391644178941
4124391425565854
4124387437779685
4124733668978716
4124716061421531
4124660892948039
4124648909833614
4124640869548060
4124625686383193
4124482257450008
4124461369717267
4124446274753093
4124420030679833
4124387345107773
4124384228869619
4124381695305464
4124381288131184
4124376339509148
4124649006461963
4124629906017753
4124479242674096
4124456224160307
4124450410874666
4124413819115413
4124398967479663
4124371424073200
4124370152399475
4124368764158873
4124364989135576
4124363990820657
4124363588490507
4124361525461201
4124358132130184
4124731890373633
4124681314772903
4124618003025820
4124502369716937
4124427643557274
4124410975832081
4124400213011855
4124372400335783
4124356038954930
4124354923376301
4124354898161259
4124353639768528
4124352028699555
4124350845695403
4124349290052357
4124645110239956
4124639032679312
4124628768753035
4124461654999463
4124448036552116
4124440138969141
4124431176039621
4124421054870022
4124402738277894
4124400976698501
4124357603674802
4124348610674017
4124348576658224
4124346689378043
4124346148532912
4124418340522361
4124386904004451
4124382115347044
4124368126455150
4124350590008868
4124338196525586
4124338180041696
4124334245719877
4124334173810823
4124333662132439
4124333465308891
4124331593958447
4124331028408329
4124330696370649
4124329539258265
4124656912698765
4124416075853979
4124406857589918
4124400237951817
4124382940617613
4124375831169492
4124351386870539
4124327723099668
4124327035184160
4124326476771035
4124325030161772
4124323825849351
4124323528245700
4124322451141451
4124320316395270
4124429917335909
4124373474648229
4124370773429486
4124354188836253
4124349868695384
4124345800289313
4124332780870178
4124323456924781
4124319279569344
4124319037010282
4124318956895007
4124318528712925
4124315954059742
4124314263030082
4124309796719082
4124399718274254
4124370777669698
4124339583876364
4124339537729749
4124338254282172
4124337658989253
4124322820153795
4124314544483528
4124309615567936
4124308957771525
4124308869341972
4124306894285383
4124306240343862
4124304914237172
4124304323024408
4124345397728973
4124342357230909
4124335327461203
4124304088047712
4124304079074126
4124303999678368
4124303459590330
4124302624558801
4124301265049385
4124300779202499
4124299239838958
4124297839019446
4124297536261277
4124297288956886
4124295419006113
4124339945543626
4124308646751194
4124295187408034
4124294735380119
4124294688394953
4124294520427477
4124293891151982
4124293832645823
4124293266610565
4124291694087757
4124291539326010
4124289361675848
4124288837940026
4124287445353804
4124286479871170
4124283636095026
4124280184750423
4124279425353791
4124278922304940
4124278175446101
4124278167048003
4124277109963822
4124277097799118
4124274220578754
4124273884315899
4124273700722654
4124271871643936
4124269523417629
4124268633476820
4124267152713979
4124266549008992
4124265706086704
4124265546715067
4124263973769260
4124263566296165
4124263173019388
4124261867852086
4124261431576331
4124256881089399
4124248471944555
4124237533088062
4124236128195861
4124143978784245
4124129135321334
4124126417771152
4124151238738034
4124127675765964
4124115100566256
4124112135142531
4124107107064379
4124106536227085
4124106032948054
4124102837141705
4124100140179081
4124097878932380
4124097476180105
4124095438272387
4124093735245530
4124093198006478
4124089914429674
4124129639055885
4124088550978005
4124086323705677
4124085937860850
4124084860255769
4124084373698711
4124082163097957
4124081949388459
4124077591466505
4124074575299957
4124072122452058
4124066816224571
4124064928953098
4124062022659817
4124057466616745
4124207267065459
4124122893786381
4124112584056554
4124094875598309
4124056456024038
4124049464989141
4124048876671716
4124047526957098
4124046432618843
4124046138029573
4124039942898638
4124038777313874
4124037833264230
4124036541717701
4124246982338493
4124086857068033
4124077512252632
4124067496351087
4124057878691817
4124038597238355
4124035267209664
4124034113425675
4124032133437906
4124029189178686
4124029063201511
4124028216108417
4124027767099924
4124023690483899
4124021970466418
4124222072759783
4124100441502840
4124075309402740
4124020355548797
4124020020293605
4124015091718465
4124011002075908
4124005726162606
4123994351310710
4123992980023433
4123992283491985
4123991687796199
4123976042963748
4123973920653578
4123961740325254
4124243690048617
4124101503311936
4124096973052749
4124086097729501
4124063255364196
4123948478606118
4123947991694837
4123947122972576
4123945973783634
4123945475513277
4123929713003588
4123928295290090
4123927045287715
4123917097066620
4123903867571833
4124133812066894
4124084541255116
4124063880059367
4124029688486434
4123989888384134
4123898302191083
4123892240541029
4123888873237940
4123886335135376
4123872871699867
4123842106769893
4123807146343560
4123778965365451
4123776088649456
4123769754838596
4124136961924875
4124112068398553
4124105386869822
4124093239959461
4124086034252152
4124066816600006
4123974457221442
4123972616949417
4123961141241543
4123917524650629
4123769091676156
4123767799794809
4123764532601253
4123757486155094
4123754928180882
4124099020433929
4124076768852271
4123913708091668
4123754659169169
4123737500209116
4123735335783607
4123732064460430
4123727480744575
4123724082402260
4123711512940434
4123709414995408
4123708442482611
4123707401635451
4123694693195236
4123690117746180
4124108298486258
4124107211273384
4124092590908340
4124081341647912
4124071304269670
4124061233312865
4124056199963445
4124040501272830
4123930128385811
4123922184104476
4123913623669923
4123899149433239
4123716390656516
4123687869424108
4123685008861775
4124167613986049
4124036826858983
4124022540715587
4124006628193657
4123975917331285
4123961074234349
4123942757559217
4123933697818346
4123924768138954
4123919646032269
4123906875427176
4123859889989976
4123734585166920
4123683825721801
4123682492254306
4124052928339354
4123980334186545
4123973781818461
4123964933041213
4123961375723733
4123936548995081
4123935135501957
4123921642609190
4123916156293224
4123887140699195
4123751420933385
4123748954617085
4123708862353807
4123706572379256
4123678712652409
4124067407988652
4124014676728643
4124013217356258
4123997580334573
4123992111538742
4123991856271512
4123914361587746
4123756060724947
4123752017213672
4123730818901066
4123723268800766
4123708098140981
4123674188012068
4123670609369810
4123661026110673
4124101289140118
4123977649831993
4123968174594493
4123931885970489
4123931406840783
4123927590209714
4123916785731710
4123915779341697
4123738004020623
4123723827363373
4123708823988465
4123703644266782
4123699885755783
4123657204446928
4123656395537674
4123999019513137
4123971093606648
4123969190012752
4123948998405360
4123926122103822
4123924205242431
4123903700257277
4123744304162880
4123732173364139
4123724335186837
4123710824980601
4123697591431331
4123696660758125
4123667350336954
4123655396735167
4124009430299735
4123920086898936
4123912004465060
4123736430956042
4123734618660982
4123725585182211
4123671540409305
4123655737323678
4123652662298286
4123647616315014
4123643669860699
4123636446711566
4123633176138691
4123632156455825
4123630646726207
4124066661248912
4124001909318157
4123880644049817
4123804130790435
4123769385886314
4123764059141450
4123754931606591
4123743158594318
4123738360614689
4123718978630510
4123670911151120
4123640008020321
4123629375968389
4123625470375981
4123623831095146
4124114169648905
4124072763244372
4123999543749104
4123946280025151
4123786967648406
4123737605922454
4123714682952217
4123713282299023
4123713194884615
4123673809904218
4123659088453641
4123657431386942
4123649474694461
4123629895360894
4123626380917241
4124122575914258
4124120377366076
4124047916971903
4123912394766458
4123708333121062
4123698094616135
4123695356464461
4123677207911582
4123645616344537
4123640574333140
4123621578530455
4123614733184703
4123614309837176
4123610770088360
4123609365110242
4124123610743068
4124086399024115
4124021476009380
4124011769765127
4123979784825056
4123949657255593
4123658793936204
4123616653635371
4123608957590066
4123607573222029
4123606583340814
4123606059224034
4123600703052288
4123599265304140
4123598887214591
4123931407145435
4123922334818992
4123921782027268
4123784014923924
4123773277682255
4123727450712992
4123727015020643
4123680827466097
4123664083640997
4123628608091611
4123605132201719
4123600761953400
4123598689971899
4123597767690629
4123597587283227
4124768804055229
4124726198109936
4124470866259913
4124444261747384
4123699131080209
4123688388838815
4123683259323200
4123667098632974
4123656311952405
4123649814404138
4123648992698557
4123614401816826
4123601588282326
4123597272489308
4123596102688591
4124653704900446
4124643801501467
4124470631589669
4124357774963553
4124336912509392
4124278930708416
4124079650823099
4123593606507786
4123590452845915
4123586610448516
4123585637313829
4123585414730392
4123584340994425
4123584181641355
4123583607403089
4123583590720830
4123581493625751
4123581111869784
4123581073892664
4123570667721451
4123569845933926
4123569245836237
4123568545933679
4123568339775508
4123563591746193
4123563105134609
4123562207398103
4123561116953401
4123559582065570
4123558638538078
4123591203869601
4123558425005300
4123554322061642
4123554141937346
4123551206346851
4123549776195164
4123549167967409
4123546814291758
4123546223654202
4123540577805922
4123538543927929
4123538291826996
4123535099568476
4125132669061750
4125132789940862
4125176662418111
4125204269562910
4124973263701105
4124990910005497
4125063764362003
4125088648924716
4125141057276112
4125178415344444
4125009309381464
4125027789951318
4125028628569417
4125042591203825
4125052062694049
4125183386223427
4125216802021793
4124986782344701
4124990796855852
4125019590574447
4125055715144617
4125146383513179
4125174791584838
4125187743710303
4125208920787602
4124974002469404
4125023410590925
4125055791058349
4125057301490238
4125083629163703
4125173592547384
4125187873547459
4125312008399921
4124981241490511
4124981283939149
4125000426079253
4125071180334268
4125142575588523
4125160393032215
4125021775516687
4125022085483776
4125093053576573
4125114213977347
4125143669732556
4125153937648512
4125033066814865
4125035603943033
4125063361887729
4125127522221997
4125154181305563
4125199153143366
4124996936578664
4125006826371151
4125009335209596
4125110166054997
4125128860260467
4125010551786007
4125030625376486
4125078440252933
4125123885910896
4125151861734564
4125154189014393
4125160136679468
4125194161022509
4125005454816819
4125007887827243
4125018289557951
4125075604970692
4125140063049705
4125176587170455
4125190809624885
4124985087618481
4125002943117990
4125018696229046
4125147117911191
4125092248782916
4125119805297921
4125126167115889
4125154466081936
4125037797073951
4125069053772888
4125093539680796
4125121977718472
4125163496359772
4125177593970161
4125204529572683
4125245046325544
4125011247378834
4125114268697949
4125151438022804
4125189144625860
4125193930550681
4125085088562099
4125111684495961
4125128394202280
4125178856269052
4125195965250421
4124997016095601
4125045531822603
4125048656295412
4125077136728604
4125100028898179
4125135378007284
4125054784697626
4125073406796569
4124979743816401
4125033162714049
4125155033140364
4125176457014615
4125208782434133
4125215669612333
4124973062557616
4124998241044937
4125138964433880
4125153937648508
4125165983843701
4124979479729295
4125018210074465
4125043497122796
4125095339828179
4125059636896568
4124972991030543
4125007338511738
4125216383014601
4125166412491191
4125091539225891
4125088205291266
4125342681813844
4125342681813824
4125342681609771
4125342673780782
4125342483885918
4125340168788317
4125182144909569
4125189316860441
4125000535979607
4125055400760154
4125061907085740
4125190952434712
4125140096804508
4125184019956075
4125344967650286
4125344514886891
4125344468693497
4125344405704156
4125343978145790
4125343487019437
4125343348048614
4125392140775385
4125531118603589
4125531081213139
4125529340999502
4125528887804706
4125434213439550
4125421560344535
4125420686715932
4125420435507125
4125418174513650
4125416337225640
4125413145750232
4125412155475738
4125411505691106
4125411112036561
4125410629513772
4125440011107568
4125439163144264
4125437237894294
4125436298862996
4125432003378241
4125431172439548
4125431169201962
4125429801142106
4125428849187140
4125427364261608
4125427247059178
4125426412331395
4125421732120362
4125421018843015
4125420163291986
4125434184074098
4125433387404995
4125433278432924
4125428711081342
4125427271968444
4125426496317908
4125425984837102
4125424869332840
4125419730707314
4125419185948177
4125418741405997
4125418174757351
4125417089144518
4125417005364082
4125438282659685
4125437053541818
4125436318890305
4125436118283478
4125426735217114
4125416089959366
4125416010671767
4125414572306887
4125413649294289
4125413607473522
4125413553363462
4125413145751823
4125413137634608
4125412789499955
4125412621157028
4125439192099411
4125435039942795
4125427238659372
4125424303239253
4125422818550217
4125412491100485
4125412387298946
4125412055434477
4125411569404654
4125411526693968
4125410767655791
4125410624716513
4125409308735801
4125408112443416
4125407013354906
4125434860019121
4125425044586313
4125422902020064
4125418879786307
4125415657832532
4125410624716580
4125407965935464
4125406996572965
4125406921814903
4125405235062197
4125404539451762
4125402521823809
4125402404119664
4125402308080921
4125402123734404
4125439570580493
4125436513040837
4125468954768613
4125436248443506
4125431819062043
4125424181551798
4125416408546316
4125415964096809
4125410373568377
4125409517525422
4125404500882846
4125402077091949
4125401120880201
4125400563367824
4125400160214857
4125399908633449
4125436546239301
4125434243396025
4125426387354694
4125425984893116
4125425754029440
4125425728820846
4125417016870087
4125414991027666
4125410318459876
4125405919749828
4125405814959405
4125399808098276
4125399250517899
4125398230988327
4125397975665802
4125434725653139
4125420850333309
4125419495513578
4125409409323801
4125408007941193
4125407123467238
4125406006732645
4125403809143865
4125397908705441
4125397559309841
4125397534138140
4125396062835557
4125395781671756
4125395525179239
4125395495812737
4125414735108604
4125407760967563
4125401750221434
4125400868997953
4125400206559641
4125395354182554
4125395109860605
4125392874363950
4125392627626803
4125392140775385
4125390764723183
4125390211601422
4125390059936291
4125389666157007
4125388919109458
4125425355033483
4125421954197313
4125414404111807
4125410624716564
4125406859198996
4125394338365000
4125388696763618
4125388504527514
4125388475534198
4125387980308888
4125387979994350
4125386889683909
4125386277189525
4125420728981542
4125415666357292
4125408112683111
4125403594959113
4125403582889412
4125392371228190
4125391503515279
4125390500846584
4125385975256683
4125384120818107
4125384062410583
4125384012613955
4125383408381842
4125383328184686
4125382607028631
4125406854349369
4125397244929212
4125396033202061
4125395525178991
4125393440904281
4125392598005527
4125389993475040
4125389221164703
4125382422649580
4125382208332572
4125381785673958
4125381181158026
4125380799316517
4125380425626240
4125380417235734
4125425464335487
4125425280188879
4125425208646061
4125424806693092
4125424688897865
4125409362198327
4125406854997887
4125405596479442
4125399305253434
4125398075649024
4125384851531070
4125381730499718
4125381394737128
4125380375283703
4125402685804308
4125397543223975
4125393747506574
4125392242212054
4125391801310512
4125390441937870
4125388722198348
4125388558865005
4125388227163599
4125388152338260
4125385328970258
4125384557996398
4125379897568766
4125379645827593
4125378681849773
4125393058952012
4125392392490250
4125390458475445
4125384008414894
4125383353646121
4125381805590729
4125378677449781
4125377490340186
4125377263444820
4125376336781102
4125375652773268
4125375619930689
4125375431387513
4125374226391232
4125373635284259
4125407609934664
4125399817032349
4125393411508374
4125393013008770
4125387715353780
4125385995823046
4125380660979098
4125377087555418
4125376986337404
4125373165756337
4125372876058797
4125372456533597
4125372024703145
4125370834161186
4125370557022545
4125405642321269
4125403079762214
4125399804425353
4125397711146450
4125393910505618
4125391763036746
4125389838347503
4125388982037982
4125388101308980
4125385808067709
4125382993282132
4125377636968114
4125377082826860
4125369956940709
4125369865158470
4125391738812049
4125391154611700
4125384221752467
4125383479211844
4125383161065601
4125380430650757
4125380430409842
4125377804705194
4125376945275595
4125376675890348
4125371106727837
4125369399984578
4125369335811307
4125368283557483
4125368069660846
4125395530360491
4125392413485227
4125392258709572
4125390497165609
4125389359605829
4125389062482786
4125383953789566
4125380425626424
4125377414641563
4125373023058696
4125368027928224
4125367768279100
4125367667233991
4125367427826419
4125366837167441
4125391054731718
4125387175435500
4125382611228488
4125379516352995
4125379311013352
4125378908249191
4125378358832765
4125377956140869
4125377645118822
4125376815046119
4125376228338440
4125375569459860
4125375119974109
4125373891891499
4125371601030373
4125380039931678
4125376336902287
4125376148383236
4125370431038250
4125369592748853
4125368581208122
4125368107129278
4125367235747525
4125367188950744
4125366954007628
4125366903352874
4125366744265113
4125366622270161
4125366517388929
4125366450265067
4125373597856606
4125373199230331
4125371458848626
4125371018005387
4125369105708274
4125367050365423
4125366350212703
4125366237007889
4125366211601416
4125366077895300
4125365883912700
4125365766723700
4125365746092545
4125365699775359
4125365683626450
4125393764501298
4125380867033746
4125369055573070
4125368099060091
4125365397923570
4125365389525476
4125365331367815
4125365331367469
4125365330658446
4125365330658412
4125365255073529
4125363770481187
4125362990405217
4125362402921842
4125362323401912
4125379125377376
4125376714477724
4125374209880168
4125369638273388
4125367629166346
4125363569381918
4125362609190519
4125362075941149
4125361924724776
4125361878576741
4125361468308806
4125361266299223
4125361157393516
4125360817521256
4125360142812659
4125389763056766
4125376571009772
4125374079954213
4125373690259197
4125365737690201
4125363719737419
4125361912183470
4125361023025099
4125360007790941
4125359479201197
4125359102180382
4125358825886390
4125358519388885
4125358384919187
4125393763476397
4125391222057793
4125390345342074
4125383341039683
4125380430408198
4125360663062723
4125357995715429
4125357664054183
4125357253174258
4125356610784118
4125356338938775
4125356019624483
4125355889937173
4125355868318139
4125355700168617
4125390580644443
4125376076435406
4125371602023469
4125366086299280
4125364760877275
4125354756534866
4125354552134492
4125354329362066
4125354178718196
4125353687523907
4125353624272446
4125353393384017
4125353297218559
4125352966219321
4125352747617989
4125395446133756
4125378815195539
4125375379819519
4125373245183722
4125366588889098
4125365331189357
4125360603501951
4125354928750079
4125352609528154
4125352245022587
4125352081690815
4125352072597068
4125351926513859
4125351510400037
4125351036358741
4125369512013222
4125369281865367
4125368338629583
4125364970492438
4125364517386233
4125363318214497
4125358271875636
4125355264510236
4125353838067942
4125350336050746
4125350260449726
4125350231861804
4125350185253570
4125349979338996
4125349773969808
4125380111713540
4125376055259271
4125371940966634
4125371685404573
4125371484048438
4125371232278116
4125367780099380
4125360041352434
4125358304810989
4125350990098650
4125349581690944
4125349367342189
4125348763313043
4125348675912465
4125348599420692
4125375611786017
4125365259579063
4125359949857371
4125358750094381
4125357776488067
4125355491055187
4125351787678503
4125350273442709
4125350231050643
4125350226589328
4125348193524747
4125348154842414
4125348007923772
4125347882242853
4125347182315398
4125363317276439
4125358783312201
4125357810416276
4125357609111759
4125356228754520
4125355831391200
4125355327519734
4125351820476980
4125351535811417
4125350504498449
4125346972535151
4125346883922245
4125346582691556
4125346318167980
4125355205409785
4125354916742864
4125353889322365
4125352706095915
4125352277865398
4125352085895539
4125350776522222
4125350223044481
4125349392191861
4125346959432512
4125494934818473
4125424383065604
4125403096907070
4125362847869489
4125348973533151
4125348494889759
4125346548799931
4125346297019965
4125346267635223
4125346255195276
4125346162378811
4125345982575165
4125345953187435
4125378806950394
4125480716017762
4125351489393654
4125376273412733
4125411162203871
4125465003887877
4125372284972286
4125398071453970
4125412503686558
4125473774464449
4125307294743578
4125422381948054
4125430551813291
4125457496739010
4125501993862005
4125191203749077
4125289858353202
4125354928534623
4125386398306652
4125395530361431
4125417865201419
4125444469485389
4125202902621678
4125225224496384
4125470133905768
4125479080235527
4125508029364186
4125512219432338
4125262343799632
4125365330658371
4125201249492789
4125341796175251
4125381894214600
4125446943236765
4125471543107515
4125486122411656
4125234711660885
4125348620395959
4125395530361154
4125420255167985
4125181515386145
4125332111869615
4125384250869158
4125492941996915
4125499007450083
4125204432804515
4125365624073933
4125378862040104
4125446495016541
4125364835386413
4125399300068429
4125410939651234
4125464626882096
4125478103331179
4125201304486260
4125479142702914
4125502807207590
4125175324137234
4125457702066504
4125464547073816
4125351095333740
4125171159421748
4125188541574272
4125197655265417
4125349027470269
4125425279785535
4125457701774591
4125181796105792
4125188246947392
4125426802110178
4125434029255245
4125455990181768
4125468615673302
4125182110506141
4125199580867320
4125486127147545
4125331654906851
4125444515125064
4125471253521427
4125503507554373
4125170111001979
4125343184985496
4125355927744785
4125387200650348
4125468501945559
4125204424564274
4125225925361675
4125335136686548
4125481647439165
4125451372919188
4125466862452067
4125446091946748
4125356052557340
4125531953863956
4125531949242474
4125531928637851
4125531794404126
4125531563747907
4125531429356245
4125531425792785
4125531425792180
4125531425309357
4125531425305585
4125531425158181
4125531425157271
4125531424864758
4125533782849781
4125533757980209
4125533438229857
4125533375666767
4125532935633527
4125532704420983
4125532683949132
4125532645474748
4125532590933017
